52 
0 7400.73 4030.4 171.15402
1 1571.36 1592.55 130.20706
2 4765.5 2684.33 153.18643
3 6363.0 1501.1 228.42168
3 6734.0 1453.0 162.41675
1 2233.0 10.0 206.41219
3 5530.0 1424.0 250.1926
1 401.0 841.0 133.30371
1 3082.0 1644.0 159.39523
0 7608.0 4458.0 101.469955
0 7573.0 3716.0 182.36287
3 7265.0 1268.0 122.646164
3 6898.0 1885.0 247.80841
1 1112.0 2049.0 167.18912
2 5468.0 2606.0 199.8921
2 5989.0 2873.0 216.43306
2 4706.0 2674.0 115.493385
2 4612.0 2035.0 135.65207
3 6347.0 2683.0 203.36958
3 6107.0 669.0 269.62442
0 7611.0 5184.0 144.55408
0 7462.0 3590.0 214.37082
0 7732.0 4723.0 87.55227
2 5900.0 3561.0 184.95343
2 4483.0 3369.0 67.95599
3 6101.0 1110.0 179.13646
2 5199.0 2182.0 193.5689
1 1633.0 2809.0 185.84465
2 4307.0 2322.0 259.33868
1 675.0 1006.0 47.706696
0 7555.0 4819.0 206.0784
0 7541.0 3981.0 68.18702
1 3177.0 756.0 188.78712
0 7352.0 4506.0 111.6015
0 7545.0 2801.0 160.86957
2 3245.0 3305.0 240.03334
0 6426.0 3173.0 37.040226
2 4608.0 1198.0 281.35287
1 23.0 2216.0 172.79356
0 7248.0 3779.0 202.89592
0 7762.0 4595.0 223.4876
3 7392.0 2244.0 74.498726
2 3484.0 2829.0 125.149124
3 6271.0 2135.0 181.5613
3 4985.0 140.0 192.99883
1 1916.0 1569.0 227.11018
0 7280.0 4899.0 239.66226
0 7509.0 3239.0 148.17586
1 10.0 2676.0 169.64766
0 6807.0 2993.0 216.39998
2 5185.0 3258.0 292.49628
1 3023.0 1942.0 152.58072
