536
0 4941.71 3101.92 143.3304
1 1222.28 1787.49 233.67027
2 7206.57 4106.57 293.45428
3 6847.66 1835.16 149.7397
2 7810.0 6053.0 135.76242
2 7798.0 5709.0 186.37965
2 7264.0 5575.0 241.53032
2 7324.0 5560.0 179.3201
2 7547.0 5503.0 117.7037
2 7744.0 5476.0 49.305782
2 7821.0 5457.0 223.81784
2 7883.0 5408.0 264.9541
2 7874.0 5405.0 232.72923
2 7927.0 5365.0 267.51666
2 7848.0 5358.0 299.87122
2 7802.0 5317.0 87.11736
2 7962.0 5287.0 231.8877
2 7913.0 5280.0 155.12656
2 7724.0 5210.0 65.45094
2 7503.0 5191.0 177.19456
2 7759.0 5143.0 214.51694
2 7890.0 5130.0 241.3991
2 7254.0 5129.0 268.76288
2 7790.0 5038.0 246.64465
2 7142.0 5032.0 256.4025
2 7606.0 5009.0 213.16232
2 7772.0 4989.0 145.40794
2 7744.0 4933.0 165.49223
2 7846.0 4923.0 129.01761
2 7622.0 4917.0 308.54315
2 6937.0 4917.0 224.17786
2 7576.0 4915.0 152.2846
2 7783.0 4912.0 160.27576
2 7716.0 4909.0 194.40456
2 7295.0 4887.0 205.6303
2 7777.0 4869.0 217.1428
2 7700.0 4854.0 246.91835
2 7726.0 4833.0 125.78231
2 7702.0 4815.0 266.90237
2 7583.0 4813.0 203.29787
2 7654.0 4795.0 179.27617
2 7417.0 4788.0 219.65099
2 7267.0 4779.0 233.7438
2 6806.0 4755.0 293.39673
0 5259.0 4751.0 154.25626
2 7698.0 4745.0 154.215
2 7570.0 4741.0 45.8941
2 7617.0 4724.0 126.77586
2 7752.0 4721.0 163.21085
2 7673.0 4718.0 236.77238
2 7692.0 4666.0 36.93476
2 7547.0 4664.0 149.104
2 7259.0 4630.0 304.63202
0 5387.0 4623.0 171.37355
2 7679.0 4581.0 214.04501
2 7674.0 4579.0 219.1687
2 7631.0 4573.0 188.87091
2 7520.0 4572.0 99.630005
2 7848.0 4546.0 206.15752
2 5685.0 4546.0 106.88605
2 7832.0 4542.0 125.309906
2 6735.0 4509.0 152.38683
2 7647.0 4504.0 246.36687
2 7338.0 4481.0 101.70693
0 4602.0 4478.0 228.7173
0 4606.0 4468.0 260.90863
2 7399.0 4467.0 135.6726
2 7037.0 4446.0 154.78598
2 7458.0 4428.0 137.87686
2 7364.0 4427.0 221.78625
2 6058.0 4426.0 142.81242
2 6868.0 4418.0 229.13976
0 3832.0 4410.0 178.31404
2 6670.0 4401.0 229.13202
2 7443.0 4375.0 173.14102
2 7160.0 4370.0 104.570045
2 6139.0 4369.0 135.3112
2 7333.0 4335.0 96.25467
2 6237.0 4332.0 260.06204
0 5385.0 4318.0 165.08714
2 6911.0 4296.0 175.72585
2 6304.0 4294.0 162.38922
2 7111.0 4288.0 216.2389
2 6740.0 4282.0 129.68462
2 7698.0 4279.0 88.639534
2 7613.0 4275.0 169.1144
2 7360.0 4275.0 197.86984
2 6779.0 4273.0 45.289356
2 7207.0 4270.0 292.73468
2 6241.0 4268.0 135.48737
2 7432.0 4265.0 176.72699
0 4354.0 4262.0 156.56264
2 6589.0 4256.0 206.30266
2 7817.0 4252.0 190.3762
2 6051.0 4246.0 248.52821
0 5356.0 4241.0 244.51566
2 7554.0 4236.0 198.30672
2 7534.0 4227.0 167.64192
0 4217.0 4224.0 165.32895
2 7349.0 4219.0 160.47887
2 7128.0 4215.0 222.27715
0 3950.0 4215.0 117.0642
2 6947.0 4209.0 204.38217
2 7549.0 4208.0 197.07469
0 5168.0 4208.0 283.91943
2 6524.0 4207.0 146.16597
2 5871.0 4202.0 269.83777
2 7542.0 4198.0 193.02629
2 6660.0 4193.0 129.7777
2 7216.0 4180.0 212.11572
2 6607.0 4173.0 171.71071
2 7601.0 4171.0 232.39458
2 6123.0 4167.0 135.54808
2 6450.0 4160.0 235.9406
2 6713.0 4154.0 225.86897
2 7355.0 4151.0 145.28444
2 7604.0 4146.0 257.5851
2 7541.0 4141.0 94.743324
2 7506.0 4138.0 141.22856
0 4871.0 4132.0 153.378
0 2906.0 4131.0 221.0066
2 6488.0 4128.0 206.09401
2 6312.0 4126.0 155.24518
2 6008.0 4117.0 227.19391
0 4427.0 4109.0 138.30219
0 4679.0 4084.0 247.58324
2 5955.0 4081.0 56.540234
2 6891.0 4075.0 184.17896
2 7705.0 4065.0 220.7656
2 7562.0 4058.0 211.41898
0 4634.0 4054.0 268.20795
0 4607.0 4049.0 72.676704
2 6557.0 4047.0 172.97066
2 7344.0 4046.0 302.11273
0 5543.0 4042.0 84.51528
2 7124.0 4039.0 200.73708
2 7466.0 4037.0 92.169044
2 6259.0 4030.0 171.17247
2 6366.0 4002.0 202.46698
0 5597.0 3993.0 202.53035
0 4655.0 3992.0 120.59056
2 7805.0 3991.0 180.5965
0 3396.0 3990.0 261.7582
2 6603.0 3982.0 79.4129
2 6537.0 3982.0 243.26654
0 4342.0 3966.0 216.24452
2 7037.0 3965.0 167.19102
2 7345.0 3951.0 180.81654
2 7271.0 3948.0 220.728
0 5336.0 3943.0 176.56693
2 5964.0 3935.0 200.74442
2 7660.0 3924.0 155.93185
2 7872.0 3922.0 187.98221
2 6567.0 3922.0 175.66646
2 6602.0 3920.0 262.35193
0 4806.0 3914.0 194.69218
2 7909.0 3912.0 227.0327
0 5926.0 3912.0 297.80984
2 7449.0 3911.0 148.15186
2 6333.0 3909.0 110.39267
0 3108.0 3908.0 180.75012
2 7844.0 3902.0 97.26333
0 5427.0 3894.0 55.73265
2 6862.0 3892.0 263.38992
2 6621.0 3891.0 182.61023
2 6150.0 3888.0 126.04052
2 7388.0 3879.0 230.29085
2 7351.0 3877.0 131.89142
0 4694.0 3877.0 175.65054
2 6340.0 3870.0 215.11961
2 6425.0 3867.0 185.31938
2 6577.0 3858.0 164.49937
2 6864.0 3854.0 211.35089
0 5706.0 3844.0 94.13012
0 4496.0 3844.0 147.29729
0 4574.0 3843.0 132.50787
0 3824.0 3838.0 109.357796
0 5803.0 3824.0 183.36296
0 5720.0 3823.0 243.98734
2 6454.0 3821.0 151.37544
2 6120.0 3821.0 88.92431
2 7988.0 3820.0 260.49506
2 6376.0 3819.0 183.24422
2 7841.0 3818.0 105.99678
0 5778.0 3813.0 123.89151
0 5457.0 3808.0 183.61388
0 5671.0 3807.0 235.54321
0 4293.0 3788.0 145.2711
2 7423.0 3776.0 223.4274
2 7342.0 3775.0 136.45613
0 5541.0 3769.0 143.95601
0 5621.0 3768.0 210.06467
2 7750.0 3760.0 161.41608
2 6327.0 3745.0 137.49812
2 7879.0 3743.0 169.03566
1 199.0 3743.0 137.78275
2 6652.0 3742.0 145.23978
0 5678.0 3742.0 203.91542
0 5207.0 3742.0 86.71862
2 7429.0 3737.0 221.57745
2 7262.0 3725.0 200.45683
2 6427.0 3717.0 272.3186
1 1851.0 3710.0 146.50911
2 6207.0 3700.0 111.11129
2 6069.0 3695.0 127.13858
0 4780.0 3694.0 260.92123
2 7603.0 3690.0 153.29886
0 5751.0 3681.0 140.44603
2 6365.0 3679.0 210.20187
2 6958.0 3678.0 183.36603
2 6317.0 3673.0 224.31775
0 5417.0 3673.0 137.95047
2 6426.0 3656.0 146.10747
2 7922.0 3655.0 163.46829
2 7331.0 3634.0 218.30617
0 5965.0 3624.0 118.202126
0 4965.0 3622.0 161.78429
2 6833.0 3618.0 226.92224
2 6798.0 3610.0 185.46655
2 7667.0 3608.0 210.5789
1 1047.0 3602.0 95.21946
2 7803.0 3598.0 236.5226
2 7370.0 3588.0 279.1925
1 952.0 3583.0 230.12395
2 7906.0 3580.0 157.73424
1 250.0 3578.0 239.58473
0 5111.0 3569.0 194.10893
2 6453.0 3567.0 254.9482
2 7492.0 3560.0 176.86848
2 6140.0 3558.0 162.75539
0 5315.0 3557.0 207.22191
0 5316.0 3554.0 97.65229
0 4232.0 3551.0 261.30927
2 7408.0 3534.0 228.97829
2 8013.0 3523.0 70.37786
0 5160.0 3517.0 153.51036
2 7141.0 3514.0 236.12566
0 5887.0 3508.0 262.6691
0 4694.0 3502.0 114.34682
2 7633.0 3499.0 141.3564
2 7919.0 3496.0 218.05199
1 1784.0 3494.0 172.60588
1 1482.0 3494.0 194.01192
1 236.0 3494.0 181.41644
2 6713.0 3488.0 133.63449
2 7696.0 3486.0 96.797745
1 536.0 3481.0 191.73589
1 317.0 3476.0 154.13954
0 5649.0 3472.0 165.16725
2 6235.0 3471.0 208.27507
2 7199.0 3469.0 166.86192
0 5540.0 3468.0 143.08041
0 5400.0 3461.0 208.68051
0 5796.0 3459.0 208.82826
1 2342.0 3439.0 181.46637
2 7494.0 3430.0 134.77849
2 7321.0 3429.0 253.48875
2 6265.0 3426.0 126.440025
2 8001.0 3418.0 190.96675
1 226.0 3415.0 173.79408
0 6148.0 3413.0 123.68341
0 5987.0 3402.0 228.62202
2 7582.0 3396.0 182.4412
2 7422.0 3390.0 180.02185
2 6623.0 3389.0 212.31032
2 7475.0 3388.0 306.88574
2 7654.0 3377.0 265.50778
2 7838.0 3375.0 144.16962
2 6570.0 3371.0 161.37721
0 4364.0 3362.0 132.05956
2 7316.0 3360.0 265.45834
0 4857.0 3359.0 104.537025
2 7533.0 3358.0 199.1144
0 5719.0 3352.0 296.23163
2 7452.0 3339.0 202.06876
2 7747.0 3329.0 123.97159
0 5841.0 3328.0 177.03949
0 3229.0 3312.0 192.54953
2 7076.0 3302.0 112.12385
2 7657.0 3301.0 189.11678
2 6360.0 3301.0 125.76676
1 525.0 3297.0 214.27786
0 5619.0 3291.0 192.02379
2 7989.0 3271.0 163.03195
0 5697.0 3269.0 171.7075
0 6050.0 3242.0 73.81094
2 7082.0 3235.0 167.28746
0 5539.0 3235.0 294.6346
1 741.0 3235.0 97.68296
2 6731.0 3234.0 160.94373
2 7453.0 3229.0 221.26532
2 7695.0 3220.0 139.91086
2 7299.0 3219.0 230.90952
1 863.0 3219.0 49.677418
2 7861.0 3216.0 200.51971
0 5960.0 3207.0 109.49378
0 4252.0 3206.0 174.23299
2 6402.0 3190.0 125.94645
0 5342.0 3188.0 225.8154
2 6656.0 3181.0 180.68202
2 7532.0 3175.0 223.96152
2 7434.0 3173.0 177.27507
0 5679.0 3171.0 189.60008
2 6518.0 3165.0 163.67645
0 4537.0 3143.0 244.36108
1 806.0 3123.0 133.44847
0 6113.0 3101.0 234.29822
2 7440.0 3100.0 270.8181
0 6204.0 3099.0 237.42256
2 7715.0 3086.0 59.679203
2 7503.0 3086.0 226.45464
0 5821.0 3086.0 153.12747
2 7131.0 3081.0 225.75136
2 7909.0 3080.0 124.028564
1 920.0 3065.0 103.560814
3 6468.0 3050.0 189.72845
0 5677.0 3049.0 91.49636
1 218.0 3031.0 175.28226
2 6881.0 3029.0 300.39133
0 5650.0 3023.0 269.63263
1 197.0 3021.0 218.05072
0 5531.0 3011.0 63.045708
3 6387.0 3008.0 93.90444
0 4458.0 3007.0 171.20886
0 6190.0 2985.0 178.2589
2 7055.0 2981.0 162.17125
2 7238.0 2957.0 222.83621
0 5930.0 2948.0 259.12305
2 7543.0 2929.0 147.6812
0 5291.0 2929.0 147.49216
0 4196.0 2929.0 212.4998
3 6617.0 2928.0 167.98953
0 4831.0 2917.0 121.05881
1 2835.0 2912.0 197.94838
1 174.0 2901.0 200.63118
0 5350.0 2867.0 299.69067
3 7346.0 2858.0 170.21458
0 6044.0 2848.0 99.30795
0 4898.0 2840.0 192.00876
0 3307.0 2833.0 305.18192
1 1918.0 2832.0 93.469185
3 7125.0 2823.0 140.26566
3 6422.0 2820.0 153.8593
0 5881.0 2817.0 126.975815
1 141.0 2814.0 335.64566
3 7851.0 2809.0 136.3103
0 4929.0 2803.0 180.34079
0 5963.0 2789.0 295.3748
0 5470.0 2774.0 125.32235
3 7458.0 2741.0 267.51187
1 1263.0 2734.0 191.78752
3 6766.0 2732.0 138.39197
0 4763.0 2720.0 151.26692
0 3461.0 2718.0 212.3992
3 7309.0 2717.0 95.23804
3 6848.0 2712.0 133.64401
1 178.0 2702.0 246.83083
1 1882.0 2684.0 199.55286
0 4584.0 2643.0 196.00673
0 3174.0 2627.0 224.76224
3 7049.0 2570.0 126.83857
3 7753.0 2564.0 213.6966
3 6597.0 2563.0 31.63448
0 4476.0 2555.0 228.47557
1 1575.0 2555.0 233.26608
3 7304.0 2550.0 35.479057
1 10.0 2537.0 92.87432
3 6800.0 2532.0 230.61919
0 5296.0 2520.0 182.33379
3 7104.0 2510.0 177.5823
3 6547.0 2506.0 132.22328
3 7267.0 2466.0 187.21576
0 3189.0 2411.0 185.54544
0 5117.0 2409.0 210.30034
0 4973.0 2406.0 235.24838
0 4488.0 2378.0 262.6965
3 7351.0 2376.0 124.14967
3 6007.0 2359.0 156.12994
0 4612.0 2341.0 196.23499
3 7015.0 2333.0 230.50381
0 3233.0 2329.0 217.34044
1 240.0 2327.0 245.30693
3 6686.0 2312.0 214.36209
3 6307.0 2295.0 164.09737
3 7448.0 2291.0 194.15834
3 7087.0 2274.0 275.86102
1 2067.0 2254.0 119.171394
0 5260.0 2230.0 160.6494
0 4174.0 2190.0 191.39574
1 36.0 2185.0 177.82327
3 7856.0 2181.0 225.98288
3 7315.0 2181.0 119.25207
0 3319.0 2151.0 203.98036
1 2126.0 2150.0 171.18
3 7418.0 2139.0 228.82288
3 6885.0 2138.0 264.58124
0 4959.0 2123.0 144.93393
0 4996.0 2115.0 182.98177
3 5681.0 2109.0 199.07613
0 5277.0 2078.0 177.55034
3 7643.0 2048.0 152.97696
0 3390.0 2043.0 251.4556
3 8080.0 2039.0 180.93309
3 6139.0 2032.0 206.61163
1 2694.0 2026.0 232.36021
3 7152.0 2000.0 131.314
3 7822.0 1992.0 178.65872
3 7416.0 1953.0 60.346832
3 7352.0 1952.0 235.03761
1 354.0 1950.0 84.357735
3 6493.0 1931.0 112.09217
3 7905.0 1921.0 204.05002
3 8229.0 1905.0 264.15515
3 6803.0 1886.0 189.24976
0 4012.0 1886.0 221.6953
0 4759.0 1883.0 283.9984
3 8101.0 1876.0 235.6204
3 7989.0 1876.0 275.4055
3 8063.0 1860.0 169.3175
3 8080.0 1835.0 150.68663
3 7004.0 1805.0 146.07922
3 6252.0 1795.0 320.52615
3 6826.0 1774.0 215.25005
3 7218.0 1773.0 258.11667
1 464.0 1773.0 185.63985
1 809.0 1766.0 94.66633
3 7240.0 1762.0 284.79642
3 7046.0 1757.0 56.683594
3 8098.0 1746.0 179.48459
3 7314.0 1739.0 195.42636
3 7035.0 1733.0 229.23427
3 5506.0 1719.0 112.41064
3 8184.0 1685.0 150.18594
3 6932.0 1683.0 3.7722561
3 5914.0 1682.0 216.37149
1 2908.0 1681.0 199.83769
3 6496.0 1678.0 238.45877
3 8525.0 1664.0 239.29802
3 6765.0 1663.0 205.70781
3 7985.0 1657.0 143.2159
3 6854.0 1640.0 142.13768
3 7926.0 1627.0 161.31133
3 7973.0 1606.0 180.79277
0 5060.0 1577.0 114.86489
0 4056.0 1564.0 183.91878
3 5637.0 1558.0 132.53563
1 2011.0 1558.0 99.60159
3 8038.0 1535.0 187.77586
3 6651.0 1534.0 179.5298
1 552.0 1526.0 245.02263
3 6621.0 1513.0 244.91832
3 8594.0 1510.0 152.33482
0 4719.0 1504.0 155.83452
3 5472.0 1482.0 309.47485
3 8605.0 1479.0 182.6899
1 345.0 1476.0 343.51517
3 8228.0 1471.0 174.68782
0 5005.0 1458.0 176.99295
0 5114.0 1430.0 56.5139
3 5964.0 1421.0 148.83904
1 602.0 1395.0 183.97505
0 5098.0 1394.0 197.90865
0 5068.0 1390.0 259.49164
3 8292.0 1383.0 148.8422
3 6258.0 1354.0 141.22092
0 5010.0 1351.0 84.44379
3 6494.0 1347.0 202.88861
1 437.0 1344.0 98.50198
1 413.0 1338.0 248.7407
1 659.0 1331.0 207.86661
3 5840.0 1325.0 203.41821
3 6378.0 1314.0 49.676685
3 6379.0 1302.0 183.62057
3 6359.0 1298.0 115.26566
1 3245.0 1281.0 204.50438
1 450.0 1274.0 303.6582
1 478.0 1256.0 202.06845
3 5571.0 1255.0 178.45865
1 489.0 1254.0 237.4705
1 513.0 1247.0 221.17346
3 6136.0 1243.0 159.41464
0 4170.0 1232.0 211.56439
1 1721.0 1165.0 165.00562
1 893.0 1161.0 260.62518
3 5930.0 1151.0 129.11528
0 4619.0 1132.0 182.40157
0 4125.0 1125.0 229.08557
3 5139.0 1124.0 153.29466
1 572.0 1108.0 215.79384
0 4500.0 1093.0 205.35571
1 2372.0 1084.0 254.00215
1 993.0 1084.0 183.0273
1 527.0 1077.0 199.669
3 5788.0 1053.0 225.11705
0 3719.0 1043.0 123.73009
0 4805.0 1033.0 117.42875
3 5140.0 1018.0 61.122772
3 5344.0 1003.0 180.48666
3 5532.0 998.0 104.148895
3 5069.0 998.0 194.61836
1 1595.0 942.0 118.420204
3 5666.0 914.0 167.09575
1 2260.0 913.0 242.41882
0 4244.0 896.0 102.01347
3 5596.0 892.0 118.56143
0 4569.0 886.0 102.96055
1 1072.0 883.0 204.871
1 3499.0 863.0 235.05014
3 5136.0 825.0 171.72084
1 783.0 825.0 147.86559
1 834.0 757.0 165.98575
1 1406.0 750.0 211.19246
1 3390.0 698.0 162.49413
1 2384.0 695.0 260.82767
1 982.0 659.0 123.21722
1 1422.0 658.0 96.7234
1 1361.0 637.0 230.77956
1 1926.0 636.0 172.93407
1 1213.0 633.0 154.61946
1 1415.0 628.0 204.51834
1 1082.0 625.0 227.33989
1 1254.0 617.0 212.12698
3 5070.0 605.0 154.63257
1 1212.0 603.0 72.99552
1 1249.0 600.0 211.96347
1 3477.0 599.0 148.61438
1 1322.0 580.0 38.561565
1 1253.0 580.0 104.72963
1 1276.0 559.0 67.90065
1 2647.0 485.0 135.47485
1 1443.0 459.0 251.98962
1 1961.0 445.0 274.52478
1 1790.0 429.0 166.33766
1 1503.0 362.0 227.17703
3 5393.0 355.0 148.12018
3 5469.0 10.0 206.11613
