1177
0 1576.19 1276.17 128.27014
1 677.16 1429.41 204.9303
2 653.28 2828.73 220.14798
3 1573.09 2623.93 70.02703
0 2017.0 663.0 127.159424
0 2017.0 703.0 224.6875
0 2018.0 741.0 189.20305
0 2017.0 779.0 102.93571
0 2016.0 817.0 217.7417
0 2019.0 856.0 125.6272
0 2019.0 896.0 209.78477
0 2019.0 935.0 102.70766
0 2031.0 966.0 197.72116
0 1963.0 877.0 208.16441
0 1964.0 901.0 118.025154
0 1941.0 934.0 161.63943
0 1862.0 666.0 202.78786
0 1863.0 705.0 156.48102
0 1865.0 742.0 235.25952
0 1865.0 780.0 112.1351
0 1865.0 820.0 153.17169
0 1866.0 859.0 107.20353
0 1864.0 895.0 211.9979
0 1864.0 938.0 112.278885
0 1972.0 1051.0 238.45631
0 1971.0 1090.0 141.28008
0 1972.0 1128.0 298.93735
0 1974.0 1168.0 182.23622
0 1973.0 1205.0 121.36243
0 1974.0 1245.0 181.86331
0 1974.0 1284.0 225.20836
0 1943.0 1110.0 114.93894
0 1915.0 1150.0 144.30745
0 1856.0 1053.0 197.98074
0 1856.0 1090.0 204.50443
0 1858.0 1130.0 220.3505
0 1857.0 1169.0 187.43018
0 1857.0 1207.0 176.19994
0 1858.0 1245.0 142.83405
0 1857.0 1286.0 187.85036
0 1820.0 1246.0 162.96573
0 2034.0 1360.0 183.0626
0 1860.0 1392.0 174.45515
0 1781.0 1390.0 183.63109
0 1976.0 1456.0 198.3351
0 1976.0 1494.0 223.16429
0 1975.0 1536.0 211.19531
0 1978.0 1573.0 274.38165
0 1978.0 1611.0 211.77069
0 1977.0 1651.0 166.30257
0 1977.0 1688.0 211.22812
0 1976.0 1728.0 209.23462
0 1979.0 1767.0 185.353
0 1979.0 1806.0 236.012
0 1978.0 1852.0 117.500984
0 2026.0 1573.0 136.71912
0 2026.0 1648.0 156.97404
0 2025.0 1729.0 241.11351
0 2036.0 1854.0 121.78708
0 1931.0 1775.0 209.11493
0 1901.0 1887.0 192.01584
0 1861.0 1456.0 182.98364
0 1859.0 1498.0 263.4115
0 1861.0 1537.0 101.79742
0 1859.0 1576.0 186.50368
0 1860.0 1614.0 164.5169
0 1861.0 1651.0 219.5599
0 1858.0 1691.0 179.20872
0 1861.0 1731.0 338.69666
0 1860.0 1768.0 163.66214
3 1865.0 2287.0 126.93801
0 1860.0 1853.0 285.89258
3 1979.0 1978.0 233.66887
3 1979.0 2015.0 197.26901
3 1979.0 2055.0 85.063515
3 1978.0 2097.0 279.43027
3 1981.0 2133.0 154.02109
3 1980.0 2092.0 202.65509
3 1980.0 2210.0 128.17245
3 1982.0 2248.0 227.79608
3 1981.0 2284.0 307.22116
3 1983.0 2326.0 159.7698
3 1984.0 2377.0 184.78352
3 2031.0 2376.0 191.8564
3 1952.0 2058.0 166.21432
3 1922.0 2093.0 195.34784
3 1933.0 2209.0 138.60005
3 1923.0 2250.0 274.72946
0 1862.0 1930.0 187.36388
3 1864.0 1979.0 197.1915
3 1864.0 2017.0 231.38307
3 1865.0 2056.0 321.69476
3 1865.0 2093.0 157.00165
3 1864.0 2136.0 102.186676
3 1866.0 2174.0 220.61069
3 1865.0 2214.0 172.26585
3 1866.0 2250.0 133.07304
3 1865.0 2291.0 219.36598
3 1868.0 2329.0 158.94553
3 1982.0 2459.0 163.49918
3 1983.0 2579.0 87.28022
3 1985.0 2541.0 129.70331
3 1985.0 2576.0 151.33731
3 1984.0 2616.0 206.99434
3 1986.0 2653.0 191.89748
3 1984.0 2671.0 207.96558
3 1988.0 2734.0 285.62173
3 1937.0 2696.0 139.48344
3 1906.0 2616.0 231.65141
3 1867.0 2414.0 174.4882
3 1867.0 2462.0 261.1761
3 1869.0 2502.0 263.09094
3 1869.0 2544.0 128.96083
3 1870.0 2578.0 158.32507
3 1867.0 2619.0 151.99995
3 1868.0 2657.0 177.86394
3 1871.0 2697.0 212.27495
3 1870.0 2736.0 191.5881
3 1958.0 2830.0 123.643845
3 2034.0 2857.0 265.27612
3 2035.0 2906.0 111.6402
3 2037.0 3218.0 202.83237
3 2038.0 3361.0 201.89406
3 1988.0 2985.0 258.37643
3 1989.0 3020.0 260.23038
3 1988.0 3061.0 132.5982
3 1990.0 3099.0 215.76492
3 1989.0 3139.0 228.54497
3 1989.0 3178.0 190.24106
3 1990.0 3214.0 120.34049
3 1990.0 3257.0 196.06892
3 1993.0 3365.0 215.09727
3 1921.0 2983.0 168.5714
3 1904.0 3103.0 72.46596
3 1870.0 2859.0 88.92302
3 1872.0 2938.0 224.2907
3 1872.0 2987.0 160.33856
3 1871.0 3027.0 234.92326
3 1874.0 3066.0 245.5991
3 1871.0 3104.0 235.06181
3 1873.0 3138.0 229.81259
3 1873.0 3180.0 186.55862
3 1873.0 3219.0 299.78622
3 1874.0 3258.0 294.7632
0 1758.0 540.0 216.63808
0 1709.0 559.0 142.6413
1 567.0 535.0 110.88098
1 570.0 578.0 165.40977
1 511.0 558.0 227.12624
1 462.0 558.0 239.40802
1 248.0 561.0 172.33745
0 1563.0 707.0 292.09216
0 1524.0 707.0 228.74498
0 1486.0 709.0 216.26886
0 1447.0 710.0 222.24074
0 1409.0 708.0 178.8358
0 1370.0 709.0 136.22699
0 1332.0 709.0 191.51631
0 1293.0 709.0 156.7983
0 1257.0 707.0 270.06647
0 1216.0 709.0 272.9966
0 1180.0 710.0 165.01984
0 1138.0 709.0 103.84003
0 1101.0 712.0 81.40407
0 1061.0 710.0 193.22101
0 1024.0 710.0 143.16747
1 985.0 711.0 189.49477
1 946.0 710.0 175.78305
1 908.0 709.0 112.370514
1 874.0 1111.0 96.62498
1 832.0 1111.0 90.42597
1 947.0 713.0 131.10034
1 908.0 711.0 142.05571
1 872.0 1110.0 149.26581
1 789.0 627.0 230.63225
1 753.0 712.0 251.17375
1 716.0 713.0 249.13538
1 677.0 712.0 284.21936
1 638.0 710.0 45.497105
0 1564.0 745.0 164.1004
0 1526.0 746.0 129.33003
0 1489.0 745.0 109.742744
0 1449.0 745.0 56.465008
0 1409.0 746.0 128.1503
0 1373.0 745.0 277.4773
0 1334.0 746.0 134.91432
0 1296.0 745.0 118.10102
0 1258.0 747.0 220.06845
0 1216.0 748.0 152.15215
0 1178.0 744.0 195.59457
0 1139.0 748.0 167.0505
0 1096.0 751.0 92.085945
0 1060.0 747.0 305.06915
1 1023.0 748.0 95.594696
1 986.0 748.0 198.97061
1 947.0 751.0 267.84497
1 910.0 747.0 121.435524
1 875.0 1146.0 188.015
1 833.0 1147.0 259.27548
1 792.0 1148.0 235.4598
1 751.0 752.0 173.54785
1 714.0 750.0 92.92653
1 678.0 750.0 213.96986
1 638.0 751.0 134.71867
0 1721.0 782.0 59.52568
0 1681.0 782.0 286.05786
0 1641.0 784.0 187.85535
0 1602.0 784.0 231.63376
0 1565.0 785.0 156.31325
0 1527.0 784.0 143.45638
0 1489.0 786.0 185.6648
0 1450.0 784.0 144.39514
1 1025.0 803.0 90.77086
1 983.0 807.0 221.83946
1 1025.0 845.0 202.602
1 638.0 788.0 90.424774
1 598.0 792.0 235.09636
1 561.0 790.0 221.12083
1 521.0 790.0 200.74872
0 1627.0 1323.0 241.63716
0 1625.0 1282.0 185.5933
0 1627.0 1243.0 217.87003
0 1627.0 1205.0 156.69841
0 1622.0 685.0 220.5465
0 1627.0 1129.0 257.53156
0 1625.0 1088.0 211.14986
0 1626.0 1051.0 166.78616
0 1626.0 984.0 154.38905
0 1606.0 935.0 308.60574
0 1645.0 934.0 148.04858
0 1683.0 933.0 171.31195
0 1703.0 985.0 234.96906
0 1720.0 934.0 184.68214
0 1739.0 891.0 126.05246
0 1759.0 934.0 249.25337
0 1743.0 1052.0 238.5226
0 1742.0 1090.0 263.9628
0 1740.0 1129.0 246.69684
0 1741.0 1164.0 106.25375
0 1745.0 1206.0 126.97135
0 1744.0 1247.0 215.83728
0 1743.0 1284.0 147.44012
0 1743.0 1322.0 59.102844
0 1513.0 1373.0 122.85642
0 1580.0 1373.0 223.81699
0 1581.0 1323.0 125.30078
0 1540.0 1284.0 240.92676
0 1511.0 1285.0 216.26468
0 1512.0 1246.0 125.292755
0 1511.0 1206.0 155.47154
0 1558.0 1204.0 149.11278
0 1512.0 1169.0 147.64288
0 1510.0 1127.0 229.29599
0 1510.0 1091.0 122.469
0 1508.0 1052.0 218.87749
0 1474.0 1043.0 299.29086
0 1471.0 983.0 264.89615
0 1450.0 935.0 188.92073
0 1434.0 906.0 181.79652
0 1491.0 936.0 134.92084
0 1528.0 935.0 115.14962
0 1568.0 933.0 249.45277
0 1395.0 987.0 194.21043
0 1395.0 1055.0 178.6238
0 1396.0 1092.0 214.07559
0 1394.0 1127.0 217.61874
0 1395.0 1168.0 197.88826
0 1396.0 1207.0 172.03804
0 1425.0 1228.0 89.234085
0 1396.0 1246.0 255.32043
0 1397.0 1285.0 217.05896
0 1398.0 1339.0 232.18484
0 1398.0 1458.0 314.8666
0 1340.0 1295.0 218.83028
0 1329.0 1169.0 31.06725
0 1280.0 1372.0 146.35884
0 1282.0 1322.0 176.88676
0 1282.0 1286.0 104.960335
0 1278.0 1243.0 144.00037
0 1281.0 1209.0 259.36212
0 1280.0 1170.0 113.42984
0 1280.0 1132.0 220.82442
0 1281.0 1092.0 74.35642
0 1281.0 1054.0 223.1465
0 1257.0 958.0 212.05844
0 1242.0 984.0 141.03508
0 1165.0 988.0 111.29427
0 1164.0 1057.0 166.78789
0 1163.0 1095.0 120.44721
0 1165.0 1132.0 162.85379
0 1166.0 1170.0 64.66105
0 1166.0 1208.0 274.71475
0 1165.0 1246.0 158.53746
0 1165.0 1289.0 256.67862
0 1167.0 1327.0 224.31331
0 1088.0 1049.0 126.43584
0 1107.0 1151.0 122.32645
1 1108.0 1286.0 180.55136
1 1087.0 1329.0 163.03961
1 1049.0 1058.0 176.05554
1 1049.0 1093.0 168.80844
1 1049.0 1134.0 114.167725
1 1051.0 1172.0 225.31517
1 1048.0 1207.0 162.0338
1 1050.0 1249.0 170.16103
1 1052.0 1289.0 220.63763
1 1050.0 1328.0 128.56256
1 1050.0 1378.0 188.33617
1 1019.0 1323.0 143.72643
1 1021.0 1269.0 195.826
1 1019.0 1226.0 344.88153
1 1014.0 988.0 262.6823
1 974.0 1172.0 238.43858
1 934.0 989.0 353.07233
1 935.0 1058.0 271.11636
1 936.0 1097.0 134.32883
1 935.0 1134.0 190.8703
1 936.0 1175.0 258.63385
1 936.0 1210.0 222.37457
1 936.0 1250.0 123.481125
1 936.0 1287.0 126.287415
1 935.0 1327.0 134.52618
1 896.0 1466.0 219.73125
1 898.0 1043.0 129.95874
1 899.0 1284.0 167.0008
1 900.0 1326.0 122.590034
1 860.0 1327.0 240.31613
1 859.0 1371.0 171.87021
1 861.0 1533.0 215.75092
1 860.0 1683.0 193.11868
1 859.0 1325.0 173.58559
1 883.0 1876.0 280.99118
1 817.0 1458.0 185.36604
1 816.0 1496.0 267.385
1 817.0 1539.0 179.5458
1 819.0 1568.0 181.55391
1 816.0 1117.0 50.93249
1 815.0 1648.0 158.78482
1 816.0 1684.0 292.82254
1 817.0 1807.0 138.03506
1 788.0 1357.0 205.88672
1 768.0 1195.0 201.63358
1 777.0 990.0 267.3985
1 730.0 1139.0 212.76651
1 695.0 913.0 149.25139
1 702.0 991.0 224.13794
1 703.0 1058.0 181.82712
1 699.0 1095.0 168.83981
1 700.0 1137.0 218.5096
1 701.0 1176.0 129.1804
1 699.0 1215.0 212.52057
1 701.0 1252.0 197.64636
1 702.0 1291.0 145.40189
1 702.0 1325.0 157.3049
1 642.0 943.0 332.70123
1 602.0 945.0 198.70769
1 564.0 945.0 145.17776
1 525.0 943.0 135.77199
1 542.0 993.0 250.8408
1 640.0 1059.0 282.65848
1 583.0 1058.0 235.12093
1 585.0 1098.0 183.34866
1 585.0 1138.0 307.9673
1 641.0 1135.0 176.42601
1 585.0 1176.0 134.11673
1 584.0 1215.0 224.1056
1 586.0 1254.0 172.35771
1 645.0 1250.0 155.00954
1 623.0 1290.0 171.81287
1 586.0 1289.0 108.65936
1 585.0 1340.0 160.60623
1 540.0 1375.0 103.1629
1 473.0 1342.0 250.72264
1 406.0 1255.0 228.94125
1 414.0 1079.0 248.86633
1 354.0 1056.0 198.43143
1 354.0 1100.0 124.98804
1 354.0 1141.0 120.30585
1 354.0 1179.0 168.10143
1 353.0 1216.0 203.96713
1 354.0 1260.0 217.86972
1 354.0 1292.0 182.87407
1 354.0 1345.0 56.003307
1 358.0 1383.0 190.89268
1 326.0 792.0 261.89154
1 326.0 1312.0 109.87078
1 326.0 870.0 156.33559
1 327.0 909.0 164.74893
1 315.0 947.0 240.57065
1 274.0 946.0 230.56085
1 313.0 995.0 96.53421
1 316.0 1051.0 146.53058
1 295.0 1273.0 133.49062
1 296.0 1383.0 164.29826
1 234.0 994.0 150.59879
1 237.0 1062.0 155.7746
1 238.0 1103.0 121.255035
1 238.0 1140.0 196.77458
1 235.0 1179.0 153.52687
1 237.0 1216.0 203.78918
1 238.0 1259.0 192.04082
1 239.0 1295.0 127.254555
1 241.0 1344.0 196.52605
1 198.0 1207.0 202.72984
1 201.0 1141.0 134.95741
1 200.0 1024.0 182.61662
1 170.0 996.0 183.58847
1 166.0 905.0 201.16736
1 167.0 863.0 177.35672
1 166.0 826.0 83.011566
1 166.0 790.0 200.25166
0 1816.0 1652.0 203.35289
0 1804.0 1728.0 7.8651786
0 1806.0 1805.0 239.08922
0 1746.0 1456.0 313.634
0 1747.0 1494.0 253.96965
0 1748.0 1533.0 249.7936
0 1747.0 1570.0 201.42952
0 1746.0 1611.0 146.45732
0 1747.0 1650.0 185.32507
0 1749.0 1690.0 194.15628
0 1743.0 1724.0 93.34147
0 1751.0 1768.0 175.97972
0 1744.0 1807.0 97.659966
0 1749.0 1856.0 75.618935
0 1748.0 1902.0 229.61833
0 1627.0 1407.0 184.7878
0 1633.0 1460.0 310.2568
0 1630.0 1495.0 69.741486
0 1628.0 1533.0 275.40604
0 1631.0 1573.0 214.68265
0 1634.0 1612.0 140.97752
0 1632.0 1651.0 99.68604
0 1633.0 1692.0 175.26712
0 1632.0 1731.0 180.49484
0 1629.0 1766.0 224.31458
0 1632.0 1806.0 187.37555
0 1631.0 1855.0 241.40244
0 1653.0 1886.0 219.6548
0 1633.0 1931.0 159.16277
0 1580.0 1456.0 207.67941
0 1592.0 1536.0 156.756
0 1514.0 1458.0 166.19493
0 1514.0 1495.0 150.29109
0 1514.0 1538.0 147.11096
0 1509.0 1575.0 88.562996
0 1514.0 1617.0 231.65201
0 1513.0 1653.0 168.4461
0 1513.0 1692.0 128.35022
0 1516.0 1730.0 94.27082
0 1515.0 1770.0 175.85886
0 1516.0 1807.0 119.2486
0 1515.0 1855.0 134.56537
0 1527.0 1888.0 183.96976
0 1475.0 1748.0 273.033
0 1436.0 1538.0 197.30757
0 1400.0 1411.0 169.453
0 1397.0 1457.0 152.7198
0 1399.0 1499.0 246.40088
0 1399.0 1537.0 124.25079
0 1396.0 1575.0 177.33441
0 1398.0 1615.0 210.12302
0 1401.0 1651.0 218.37593
0 1398.0 1691.0 307.77264
0 1398.0 1729.0 173.43237
0 1399.0 1768.0 147.51666
0 1400.0 1808.0 134.7389
0 1401.0 1855.0 315.2322
0 1402.0 1808.0 157.35281
0 1403.0 1936.0 113.62698
0 1360.0 1895.0 127.96723
0 1361.0 1825.0 215.76132
0 1340.0 1769.0 158.97711
0 1358.0 1576.0 158.35085
0 1358.0 1457.0 244.36531
0 1331.0 1458.0 224.30203
0 1282.0 1459.0 177.63084
0 1281.0 1499.0 198.52904
0 1284.0 1538.0 121.003006
0 1283.0 1578.0 143.86104
0 1282.0 1616.0 225.24686
0 1282.0 1654.0 270.33505
0 1283.0 1692.0 100.1414
0 1283.0 1730.0 234.72467
0 1285.0 1770.0 185.80061
0 1285.0 1809.0 122.00715
0 1285.0 1860.0 249.6667
0 1253.0 1690.0 185.2815
0 1218.0 1482.0 163.56285
0 1215.0 1541.0 214.35738
0 1166.0 1411.0 212.76082
0 1166.0 1547.0 221.40645
0 1166.0 1500.0 144.46062
0 1165.0 1536.0 156.96811
0 1167.0 1576.0 198.30646
1 1167.0 1617.0 165.22568
1 1167.0 1655.0 107.52759
1 1168.0 1694.0 137.48778
1 1169.0 1733.0 186.56061
1 1168.0 1768.0 144.94043
1 1172.0 1812.0 190.71155
1 1168.0 1861.0 202.24762
1 1127.0 1595.0 197.62766
1 1131.0 1810.0 216.14645
1 1092.0 1794.0 188.1911
1 1052.0 1459.0 138.96187
1 1050.0 1499.0 283.6309
1 1047.0 1536.0 278.23288
1 1049.0 1578.0 146.25871
1 1051.0 1617.0 216.23566
1 1051.0 1656.0 166.12704
1 1050.0 1696.0 141.04323
1 1052.0 1733.0 105.37798
1 1052.0 1772.0 164.33148
1 1051.0 1812.0 128.35368
1 1052.0 1861.0 138.25842
1 995.0 1636.0 133.24394
1 967.0 1656.0 266.66827
1 933.0 1411.0 209.60085
1 935.0 1460.0 170.68268
1 934.0 1498.0 103.993034
1 934.0 1538.0 144.32465
1 935.0 1580.0 95.49011
1 935.0 1615.0 235.86073
1 936.0 1655.0 214.60866
1 935.0 1692.0 149.99373
1 936.0 1734.0 183.88815
1 937.0 1773.0 233.46254
1 939.0 1814.0 146.90005
1 880.0 1463.0 157.29646
1 815.0 1463.0 169.95058
1 813.0 1418.0 227.45438
1 818.0 1938.0 217.47264
1 816.0 1576.0 308.7592
1 817.0 1617.0 131.8553
2 819.0 2133.0 216.81209
1 822.0 2092.0 167.93112
1 849.0 1729.0 210.932
1 823.0 1864.0 184.49565
1 771.0 1674.0 209.57286
1 739.0 1522.0 231.1967
1 703.0 1412.0 86.01679
1 703.0 1463.0 162.0413
1 703.0 1504.0 215.41678
1 702.0 1542.0 193.3399
1 701.0 1579.0 94.9263
1 702.0 1619.0 152.73068
1 702.0 1658.0 176.72223
1 705.0 1698.0 168.1743
1 704.0 1864.0 216.43451
1 674.0 1599.0 82.4131
1 643.0 1407.0 238.5739
1 626.0 1483.0 183.96434
1 646.0 1775.0 166.88687
1 588.0 1466.0 225.87326
1 586.0 1504.0 57.66889
1 586.0 1542.0 116.9533
1 588.0 1583.0 166.25859
1 588.0 1621.0 244.00346
1 587.0 1659.0 119.0551
1 589.0 1696.0 164.98589
1 610.0 1912.0 80.69613
1 591.0 1861.0 204.41618
1 547.0 1757.0 126.15919
1 548.0 1520.0 36.06232
1 510.0 1714.0 254.03636
1 473.0 1415.0 207.5834
1 471.0 1469.0 237.06863
1 473.0 1506.0 225.6088
1 472.0 1546.0 202.36156
1 469.0 1583.0 88.91837
1 470.0 1137.0 196.1379
1 473.0 1661.0 82.60393
1 473.0 1699.0 285.19495
1 475.0 1759.0 196.62581
1 443.0 1642.0 172.45255
1 383.0 1601.0 124.88807
1 326.0 1449.0 194.71397
1 356.0 1464.0 165.5916
1 355.0 1506.0 147.10457
1 356.0 1545.0 170.8722
1 352.0 1591.0 169.05951
1 356.0 1624.0 232.34445
1 357.0 1660.0 160.2514
1 357.0 1700.0 149.1917
1 237.0 1417.0 203.40471
1 240.0 1467.0 231.1278
1 240.0 1506.0 183.72537
1 237.0 1544.0 259.67184
1 241.0 1585.0 229.59758
1 241.0 1622.0 339.9137
1 240.0 1662.0 147.9457
1 241.0 1700.0 224.16476
1 472.0 1862.0 191.76797
1 478.0 1939.0 158.88663
1 427.0 1910.0 343.30475
1 397.0 1892.0 133.28635
1 354.0 1860.0 139.35794
1 326.0 1812.0 204.81837
1 287.0 1792.0 189.41339
1 238.0 1756.0 83.29439
1 238.0 1804.0 125.940414
1 240.0 1861.0 141.20485
1 240.0 1942.0 241.57352
3 1790.0 1996.0 152.03014
3 1792.0 2058.0 179.78465
3 1790.0 2096.0 181.4938
3 1790.0 2233.0 122.08515
3 1748.0 1975.0 258.96533
3 1750.0 2016.0 143.79349
3 1751.0 2057.0 174.90613
3 1749.0 2096.0 191.96803
3 1752.0 2134.0 136.94362
3 1753.0 2174.0 203.14021
3 1751.0 2213.0 285.74243
3 1752.0 2249.0 147.23949
3 1750.0 2289.0 167.36365
3 1752.0 2329.0 188.31252
3 1752.0 2376.0 164.7189
3 1632.0 1980.0 136.19463
3 1634.0 2020.0 123.70554
3 1634.0 2055.0 116.08558
3 1635.0 2096.0 192.84541
3 1633.0 2133.0 245.31209
3 1637.0 2174.0 232.96883
3 1636.0 2212.0 110.95973
3 1634.0 2251.0 229.04617
3 1636.0 2290.0 237.79008
3 1635.0 2327.0 218.39856
3 1635.0 2416.0 121.14542
3 1588.0 2247.0 204.2426
3 1851.0 2771.0 210.50407
3 1832.0 2829.0 132.02666
3 1793.0 2791.0 208.42975
3 1793.0 2579.0 33.22604
3 1752.0 2459.0 179.32869
3 1753.0 2498.0 127.24531
3 1751.0 2539.0 50.52164
3 1753.0 2580.0 85.11065
3 1754.0 2615.0 297.172
3 1754.0 2655.0 228.90488
3 1757.0 2695.0 165.76291
3 1756.0 2733.0 200.8603
3 1757.0 2771.0 216.4354
3 1756.0 2813.0 97.38127
3 1756.0 2858.0 123.27241
3 1727.0 2825.0 123.01076
3 1706.0 2755.0 207.25899
3 1702.0 2713.0 170.51917
3 1723.0 2503.0 36.50256
3 1638.0 2461.0 167.01453
3 1637.0 2500.0 287.06335
3 1636.0 2542.0 160.9088
3 1636.0 2578.0 165.4949
3 1638.0 2615.0 129.46996
3 1637.0 2655.0 238.18875
3 1639.0 2699.0 187.47884
3 1639.0 2733.0 217.28906
3 1638.0 2776.0 221.72917
3 1639.0 2811.0 207.51164
3 1640.0 2859.0 193.83543
3 1619.0 2892.0 224.74164
3 1652.0 2911.0 238.5393
3 1640.0 2941.0 214.12909
3 1833.0 2997.0 209.76453
3 1812.0 3115.0 188.40663
3 1826.0 3176.0 135.05237
3 1825.0 3212.0 182.34851
3 1795.0 3253.0 222.34
3 1816.0 3295.0 161.02223
3 1777.0 3293.0 228.64098
3 1757.0 3251.0 290.14368
3 1758.0 3214.0 165.7836
3 1755.0 3176.0 155.22906
3 1755.0 3136.0 178.00891
3 1754.0 3095.0 232.07852
3 1757.0 3062.0 119.26777
3 1752.0 3022.0 114.90512
3 1755.0 2984.0 162.89116
3 1726.0 3002.0 231.98769
3 1709.0 3157.0 273.04526
3 1687.0 3013.0 128.63475
3 1608.0 3002.0 176.31404
3 1638.0 2985.0 192.69215
3 1640.0 3024.0 80.87476
3 1640.0 3063.0 221.48604
3 1639.0 3101.0 133.16086
3 1643.0 3141.0 151.26903
3 1642.0 3180.0 150.43005
3 1641.0 3217.0 225.61325
3 1641.0 3254.0 163.98318
3 1730.0 3333.0 299.10272
3 1730.0 3441.0 207.00266
3 1681.0 3358.0 191.65564
3 1613.0 3360.0 218.5939
3 1585.0 3331.0 154.23053
3 1587.0 3441.0 99.457214
3 1517.0 3333.0 252.14294
3 1517.0 1979.0 287.43127
3 1514.0 2017.0 239.35464
3 1516.0 2057.0 145.46696
3 1516.0 2093.0 116.421524
3 1517.0 2133.0 231.74469
3 1515.0 2172.0 211.7205
3 1516.0 2213.0 171.57658
3 1520.0 2251.0 194.63123
3 1518.0 2290.0 269.52322
3 1519.0 2330.0 162.85794
3 1520.0 2378.0 240.54721
3 1489.0 2058.0 142.43076
3 1459.0 2135.0 126.67364
3 1460.0 2172.0 204.05481
3 1440.0 2211.0 163.337
3 1432.0 2021.0 249.81218
3 1400.0 1980.0 135.22891
3 1399.0 2017.0 213.16194
3 1401.0 2058.0 259.7387
3 1403.0 2094.0 217.07573
3 1403.0 2135.0 240.42801
3 1404.0 2177.0 125.660995
3 1403.0 2216.0 249.31552
3 1403.0 2251.0 233.64888
3 1403.0 2291.0 202.44208
3 1404.0 2328.0 288.1194
3 1517.0 2462.0 197.47937
3 1518.0 2505.0 116.378586
3 1519.0 2542.0 129.62878
3 1519.0 2581.0 176.31325
3 1518.0 2621.0 166.63318
3 1519.0 2659.0 80.05509
3 1519.0 2695.0 254.15639
3 1520.0 2733.0 137.92592
3 1521.0 2775.0 164.92259
3 1523.0 2810.0 129.66798
3 1521.0 2861.0 93.68416
3 1492.0 2736.0 250.06207
3 1473.0 2677.0 258.76834
3 1451.0 2532.0 159.34743
3 1454.0 2500.0 120.06847
3 1403.0 2417.0 250.27917
3 1402.0 2466.0 229.63016
3 1405.0 2503.0 245.72408
3 1403.0 2544.0 211.40367
3 1403.0 2583.0 257.19693
3 1404.0 2620.0 227.59242
3 1403.0 2658.0 181.46837
3 1405.0 2699.0 178.14825
3 1405.0 2738.0 197.97195
3 1406.0 2777.0 246.01389
3 1405.0 2813.0 232.63759
3 1591.0 3121.0 215.47336
3 1593.0 3219.0 190.80437
3 1419.0 3034.0 268.4995
3 1554.0 2939.0 173.94034
3 1514.0 2938.0 209.29643
3 1477.0 2941.0 118.098175
3 1434.0 2940.0 155.01627
3 1402.0 2938.0 240.09624
3 1552.0 3092.0 173.48083
3 1515.0 3093.0 105.61177
3 1476.0 3094.0 85.5203
3 1439.0 3097.0 208.68077
3 1398.0 3092.0 266.39868
3 1556.0 3160.0 225.93813
3 1515.0 3160.0 107.483
3 1476.0 3164.0 98.99234
3 1440.0 3160.0 137.83762
3 1396.0 3161.0 163.08101
3 1555.0 3200.0 326.53473
3 1514.0 3197.0 157.51752
3 1476.0 3198.0 206.87906
3 1435.0 3198.0 41.70934
3 1399.0 3200.0 130.25366
3 1352.0 1988.0 131.29155
3 1364.0 2097.0 178.28177
3 1365.0 2155.0 227.70885
3 1364.0 2290.0 172.81126
3 1345.0 2331.0 138.59607
3 1346.0 2249.0 216.94785
3 1286.0 2380.0 234.93022
3 1323.0 2133.0 236.49681
3 1284.0 1980.0 101.8557
3 1284.0 2015.0 220.84593
3 1286.0 2056.0 196.63303
3 1286.0 2096.0 209.47331
3 1284.0 2135.0 170.65367
3 1286.0 2173.0 213.32565
3 1290.0 2217.0 226.9269
3 1259.0 2076.0 265.7945
3 1369.0 2559.0 234.309
3 1327.0 2598.0 252.99205
3 1368.0 2736.0 257.1386
3 1351.0 2773.0 174.06721
3 1232.0 2463.0 299.685
3 1259.0 2481.0 206.28737
3 1291.0 2464.0 169.49232
3 1288.0 2500.0 167.38022
3 1289.0 2540.0 136.13649
3 1287.0 2581.0 199.58768
3 1290.0 2619.0 171.2807
3 1289.0 2659.0 168.07245
3 1290.0 2699.0 158.96834
3 1291.0 2737.0 163.87334
3 1321.0 2863.0 187.31097
3 1235.0 2891.0 273.93512
3 1272.0 2909.0 147.1124
3 1320.0 2940.0 181.05672
3 1293.0 2985.0 182.48055
3 1295.0 3028.0 143.52731
3 1292.0 3066.0 81.15727
3 1296.0 3106.0 102.90086
3 1266.0 3124.0 189.84662
3 1295.0 3142.0 84.5408
3 1331.0 3140.0 177.13553
3 1362.0 3084.0 160.01111
3 1293.0 3179.0 266.86267
3 1295.0 3219.0 166.68451
3 1294.0 3255.0 171.52434
3 1345.0 3337.0 209.84715
3 1297.0 3335.0 130.07886
2 1248.0 3396.0 128.06316
3 1210.0 2062.0 180.80284
1 1167.0 1939.0 182.1036
1 1169.0 1984.0 234.89249
3 1171.0 2022.0 196.58522
3 1171.0 2060.0 228.07877
3 1171.0 2098.0 101.6131
3 1172.0 2138.0 172.5292
3 1170.0 2176.0 191.04535
3 1172.0 2217.0 218.98625
3 1174.0 2339.0 214.28085
1 1132.0 1991.0 123.351234
1 1104.0 1994.0 270.9581
3 1150.0 2291.0 123.76592
3 1116.0 2313.0 82.83718
3 1118.0 2345.0 180.57184
3 1105.0 2274.0 177.99854
3 1104.0 2235.0 324.85464
1 1064.0 1938.0 226.24677
1 1025.0 1935.0 275.29745
1 986.0 1934.0 234.02231
1 947.0 1934.0 151.5508
1 911.0 1936.0 160.78894
1 1005.0 1975.0 211.1216
3 1062.0 2089.0 245.98183
1 1026.0 2089.0 147.57375
1 988.0 2090.0 176.074
1 948.0 2089.0 129.76686
1 913.0 2085.0 166.93163
3 1063.0 2236.0 159.97646
3 1028.0 2236.0 81.17917
2 992.0 2238.0 132.42664
2 947.0 2237.0 172.80286
2 911.0 2232.0 164.18024
3 1065.0 2272.0 248.49185
3 1029.0 2274.0 123.572586
2 992.0 2275.0 267.32516
2 952.0 2279.0 212.57535
2 918.0 2276.0 186.09024
3 1045.0 2380.0 105.98045
2 941.0 2343.0 143.01495
1 820.0 1846.0 241.02167
1 819.0 1985.0 240.56534
1 819.0 2021.0 158.07162
1 820.0 2058.0 283.0038
1 820.0 2095.0 86.65432
2 821.0 2134.0 233.08029
2 823.0 2179.0 238.19948
2 822.0 2214.0 181.05438
2 781.0 2197.0 123.61958
1 733.0 2017.0 192.20512
1 705.0 1933.0 246.96922
1 706.0 1985.0 142.37183
1 703.0 2020.0 124.47108
1 705.0 2060.0 159.14084
1 705.0 2097.0 155.72331
2 708.0 2224.0 221.38435
2 708.0 2182.0 174.31288
2 708.0 2217.0 248.3551
1 593.0 1987.0 191.55838
1 592.0 2019.0 251.79993
1 589.0 2058.0 255.64302
1 591.0 2099.0 158.00056
2 591.0 2142.0 114.1932
2 591.0 2177.0 232.17535
2 593.0 2217.0 190.33698
1 516.0 2045.0 188.84074
1 504.0 2103.0 84.72384
1 475.0 1984.0 214.08041
1 473.0 2026.0 221.39949
1 473.0 2063.0 210.866
1 475.0 2103.0 62.566082
2 474.0 2141.0 274.05847
2 475.0 2179.0 109.96383
2 475.0 2219.0 100.84785
1 446.0 2066.0 250.13788
2 416.0 2181.0 168.38753
1 357.0 1985.0 156.55307
1 357.0 2025.0 192.66617
1 360.0 2066.0 86.244316
1 359.0 2104.0 147.18832
2 360.0 2141.0 177.97299
2 358.0 2180.0 166.79382
2 359.0 2222.0 182.82431
1 242.0 1987.0 140.84984
1 242.0 2028.0 167.7184
1 241.0 2064.0 226.83122
1 245.0 2105.0 242.8636
2 244.0 2146.0 144.1343
2 241.0 2182.0 190.57474
2 243.0 2220.0 285.46512
3 1171.0 2418.0 189.85301
3 1170.0 2466.0 208.99983
3 1172.0 2505.0 206.29056
3 1171.0 2544.0 149.32803
3 1173.0 2583.0 240.74861
3 1171.0 2620.0 180.48122
3 1172.0 2661.0 233.98813
3 1176.0 2719.0 70.487816
3 1172.0 2738.0 227.7609
3 1175.0 2787.0 225.78296
3 1173.0 2862.0 184.9383
3 1177.0 2943.0 262.49283
3 1177.0 2990.0 129.74744
2 1177.0 3025.0 294.4883
2 1178.0 3068.0 315.1889
2 1178.0 3105.0 155.45015
2 1177.0 3143.0 143.21638
2 1179.0 3186.0 156.03644
2 1178.0 3223.0 175.05725
2 1178.0 3264.0 139.81587
3 1145.0 2679.0 93.63054
3 1113.0 2467.0 245.99895
3 1114.0 2503.0 272.4977
3 1113.0 2539.0 98.65101
3 1114.0 2600.0 172.96957
3 1116.0 2640.0 95.772766
3 1114.0 2680.0 144.72758
3 1117.0 2730.0 171.203
2 1112.0 2766.0 159.73506
2 1118.0 2806.0 174.95525
2 1117.0 2863.0 129.26958
2 1087.0 2698.0 149.1306
2 1099.0 3027.0 208.29445
2 1101.0 3064.0 91.47661
2 1102.0 3104.0 155.39285
3 1057.0 2466.0 89.948364
2 1057.0 2505.0 151.10628
2 1057.0 2545.0 196.02654
2 1057.0 2583.0 103.69507
2 1056.0 2626.0 173.19261
2 1059.0 2660.0 109.005104
2 1059.0 2697.0 278.89508
2 1061.0 2737.0 117.3426
2 1060.0 2865.0 224.13345
2 1059.0 2988.0 162.67226
2 1062.0 3032.0 115.58298
2 1061.0 3068.0 223.27228
2 1062.0 3107.0 191.3946
2 1062.0 3144.0 175.29138
2 1063.0 3182.0 164.5352
2 1062.0 3225.0 177.23413
2 1066.0 3261.0 193.08873
2 1064.0 3339.0 181.82532
2 1019.0 2448.0 197.75438
2 982.0 2528.0 166.82066
2 972.0 2700.0 196.10011
2 1002.0 2786.0 90.85534
2 974.0 3051.0 140.2491
2 1005.0 3130.0 170.75899
2 941.0 2418.0 169.8412
2 939.0 2464.0 236.9824
2 942.0 2505.0 175.53973
2 942.0 2546.0 221.92046
2 943.0 2586.0 157.93378
2 943.0 2621.0 226.1535
2 942.0 2662.0 266.1343
2 942.0 2701.0 186.18289
2 943.0 2741.0 133.71565
2 945.0 2860.0 215.26146
2 946.0 2940.0 201.42584
2 946.0 2989.0 265.4254
2 945.0 3030.0 115.51801
2 948.0 3068.0 257.34958
2 947.0 3108.0 152.2564
2 948.0 3148.0 149.318
2 948.0 3182.0 102.98084
2 948.0 3222.0 62.27378
2 950.0 3261.0 158.58049
2 914.0 2768.0 214.64008
2 938.0 2910.0 222.0573
2 931.0 3299.0 150.24211
2 910.0 3334.0 188.4339
2 912.0 3441.0 240.42865
2 880.0 2903.0 214.0067
2 891.0 3066.0 172.80313
2 869.0 3009.0 212.15608
2 842.0 2808.0 159.4999
2 821.0 2341.0 228.26257
2 618.0 2295.0 244.00653
2 628.0 2381.0 140.86205
2 821.0 2415.0 264.05414
2 783.0 2417.0 139.1733
2 743.0 2420.0 171.03581
2 708.0 2422.0 192.0697
2 668.0 2421.0 199.365
2 823.0 2571.0 170.13731
2 784.0 2573.0 167.17596
2 747.0 2574.0 173.52536
2 707.0 2578.0 172.81813
2 669.0 2575.0 209.85843
2 630.0 2626.0 224.48814
2 824.0 2641.0 195.71576
2 783.0 2642.0 240.43004
2 747.0 2644.0 225.16916
2 707.0 2644.0 172.0547
2 670.0 2646.0 106.95503
2 823.0 2682.0 187.87866
2 786.0 2681.0 250.43806
2 748.0 2680.0 248.72795
2 707.0 2681.0 196.23846
2 671.0 2683.0 118.26456
2 727.0 2712.0 95.739975
2 755.0 2711.0 113.98441
2 788.0 2728.0 144.05502
2 766.0 2759.0 207.91396
2 591.0 2347.0 221.02011
2 592.0 2423.0 173.11807
2 592.0 2473.0 157.70074
2 593.0 2509.0 197.20456
2 593.0 2549.0 220.75926
2 594.0 2588.0 135.58894
2 596.0 2624.0 214.04724
2 595.0 2667.0 229.56306
2 598.0 2705.0 89.80337
2 554.0 2585.0 239.2172
2 537.0 2743.0 244.68375
2 477.0 2346.0 157.07222
2 478.0 2423.0 141.8546
2 478.0 2475.0 82.500725
2 479.0 2512.0 259.90817
2 478.0 2550.0 275.8048
2 480.0 2590.0 196.01491
2 481.0 2628.0 217.80206
2 480.0 2670.0 202.8678
2 481.0 2710.0 169.44513
2 440.0 2472.0 272.1766
2 440.0 2630.0 128.82494
2 441.0 2706.0 139.85593
2 399.0 2471.0 260.33548
2 400.0 2628.0 136.52013
2 404.0 2712.0 156.52466
2 399.0 2319.0 150.79314
2 358.0 2346.0 129.92282
2 363.0 2471.0 181.12987
2 362.0 2512.0 265.43814
2 362.0 2550.0 298.27094
2 361.0 2589.0 129.42848
2 364.0 2629.0 183.33557
2 363.0 2668.0 163.35078
2 363.0 2706.0 315.81097
2 273.0 2590.0 270.90335
2 307.0 2631.0 230.67587
2 279.0 2768.0 253.60327
2 245.0 2348.0 224.29965
2 246.0 2425.0 183.80203
2 246.0 2473.0 286.07156
2 245.0 2518.0 127.77015
2 246.0 2552.0 193.9196
2 247.0 2675.0 191.48557
2 247.0 2627.0 192.74854
2 248.0 2668.0 247.20428
2 247.0 2705.0 160.27657
2 247.0 2738.0 231.71451
2 277.0 2761.0 108.70865
2 230.0 2795.0 137.79002
2 805.0 2823.0 69.943886
2 748.0 2836.0 183.5616
2 709.0 2863.0 88.24145
2 826.0 2985.0 193.90053
2 827.0 3025.0 145.72359
2 826.0 3151.0 158.17082
2 828.0 3104.0 129.99948
2 829.0 3143.0 137.18236
2 829.0 2700.0 195.50424
2 829.0 3217.0 218.27415
2 711.0 2942.0 225.73369
2 712.0 2987.0 155.50548
2 715.0 3031.0 109.92094
2 710.0 3069.0 239.36234
2 712.0 3106.0 218.93506
2 713.0 3148.0 183.26443
2 715.0 3185.0 283.09256
2 714.0 3218.0 87.23381
2 714.0 3257.0 156.81496
2 672.0 2993.0 163.5207
2 647.0 3015.0 191.12083
2 685.0 3052.0 170.78653
2 273.0 3149.0 212.96465
2 771.0 3277.0 120.86691
2 831.0 3414.0 175.72635
2 760.0 3376.0 190.63779
2 663.0 3343.0 201.61716
2 664.0 3452.0 268.1097
2 596.0 2865.0 209.62425
2 627.0 3088.0 217.61331
2 629.0 3242.0 249.53603
2 594.0 2990.0 172.30634
2 597.0 3028.0 235.6946
2 595.0 3069.0 188.84944
2 599.0 3106.0 212.99245
2 598.0 3147.0 196.09393
2 598.0 3185.0 229.91353
2 598.0 3225.0 206.8108
2 599.0 3340.0 136.50665
2 509.0 3034.0 280.00067
2 561.0 3070.0 150.65361
2 561.0 3166.0 162.28246
2 541.0 3194.0 171.9616
2 521.0 3245.0 321.6976
2 571.0 3296.0 188.34631
2 599.0 3341.0 186.8262
2 558.0 3379.0 164.2361
2 532.0 3369.0 278.1072
2 485.0 3418.0 193.57228
2 522.0 3445.0 218.04501
2 345.0 2917.0 94.79704
2 403.0 2865.0 179.42526
2 443.0 2898.0 243.471
2 460.0 2837.0 267.6328
2 489.0 2867.0 165.34653
2 493.0 2946.0 160.95758
2 440.0 2944.0 135.63872
2 479.0 2992.0 129.51561
2 481.0 3031.0 149.00974
2 481.0 3072.0 171.20294
2 483.0 3109.0 259.90552
2 479.0 3151.0 111.92161
2 481.0 3185.0 95.28683
2 484.0 3223.0 175.20265
2 485.0 3259.0 177.72192
2 470.0 3344.0 181.88783
2 443.0 3050.0 220.44984
2 443.0 3091.0 266.13202
2 454.0 3174.0 69.18726
2 445.0 3247.0 256.171
2 402.0 3021.0 144.2057
2 402.0 3071.0 178.78384
2 402.0 3153.0 246.99841
2 403.0 3226.0 215.61482
2 342.0 2911.0 257.64212
2 365.0 2992.0 263.86298
2 364.0 3033.0 108.196724
2 365.0 3070.0 231.57283
2 365.0 3111.0 155.10439
2 365.0 3000.0 246.73207
2 366.0 3187.0 137.25002
2 365.0 3229.0 172.69931
2 367.0 3265.0 235.27824
2 367.0 3342.0 319.5941
2 368.0 3381.0 128.586
2 311.0 3185.0 133.5982
2 246.0 2869.0 169.18657
2 248.0 2944.0 259.01355
2 247.0 2994.0 195.82811
2 247.0 3041.0 147.18477
2 250.0 3074.0 112.05363
2 252.0 3109.0 123.60029
2 253.0 3153.0 139.34799
2 251.0 3191.0 254.77562
2 250.0 3229.0 127.633606
2 253.0 3270.0 141.17392
2 213.0 3273.0 110.70511
2 221.0 3313.0 116.854126
2 263.0 3346.0 132.88228
2 253.0 3386.0 202.68393
2 215.0 3385.0 154.01941
