52
0 6203.45 1473.55 117.75373
1 7400.73 4030.4 192.39197
2 4779.82 2819.45 184.95412
3 1571.36 1592.55 144.31308
0 6734.0 1453.0 224.30563
3 2233.0 10.0 210.12845
0 5530.0 1424.0 171.70912
3 401.0 841.0 187.57712
3 3082.0 1644.0 129.99797
1 7608.0 4458.0 64.35266
1 7573.0 3716.0 75.60518
0 7265.0 1268.0 279.9875
0 6898.0 1885.0 218.6208
3 1112.0 2049.0 198.56361
2 5468.0 2606.0 223.9693
2 5989.0 2873.0 207.67392
2 4706.0 2674.0 102.2445
2 4612.0 2035.0 140.23618
0 6347.0 2683.0 205.35968
0 6107.0 669.0 295.91223
1 7611.0 5184.0 126.82086
1 7462.0 3590.0 208.15448
1 7732.0 4723.0 259.0176
2 5900.0 3561.0 191.95781
2 4483.0 3369.0 149.73778
0 6101.0 1110.0 130.84454
2 5199.0 2182.0 239.01082
3 1633.0 2809.0 134.34105
2 4307.0 2322.0 206.82283
3 675.0 1006.0 229.70113
1 7555.0 4819.0 170.27946
1 7541.0 3981.0 93.2768
3 3177.0 756.0 116.7181
1 7352.0 4506.0 161.56068
1 7545.0 2801.0 150.68823
2 3245.0 3305.0 160.97942
1 6426.0 3173.0 138.62807
0 4608.0 1198.0 277.17715
3 23.0 2216.0 198.18372
1 7248.0 3779.0 185.75409
1 7762.0 4595.0 96.44762
0 7392.0 2244.0 223.11688
2 3484.0 2829.0 52.8686
0 6271.0 2135.0 151.2311
0 4985.0 140.0 168.66908
3 1916.0 1569.0 237.92508
1 7280.0 4899.0 229.17145
1 7509.0 3239.0 142.4003
3 10.0 2676.0 104.80638
1 6807.0 2993.0 153.82507
2 5185.0 3258.0 172.5368
3 3023.0 1942.0 146.38536
