536
0 4941.71 3101.92 84.444046
1 1222.28 1787.49 115.93051
2 7206.57 4106.57 99.984985
3 6847.66 1835.16 237.893
2 7810.0 6053.0 222.191
2 7798.0 5709.0 76.349014
2 7264.0 5575.0 236.50752
2 7324.0 5560.0 266.95328
2 7547.0 5503.0 131.21704
2 7744.0 5476.0 148.40738
2 7821.0 5457.0 222.4185
2 7883.0 5408.0 277.05536
2 7874.0 5405.0 67.13568
2 7927.0 5365.0 297.9281
2 7848.0 5358.0 124.957
2 7802.0 5317.0 204.1065
2 7962.0 5287.0 101.61124
2 7913.0 5280.0 188.26767
2 7724.0 5210.0 72.75706
2 7503.0 5191.0 236.13486
2 7759.0 5143.0 114.1784
2 7890.0 5130.0 284.3183
2 7254.0 5129.0 245.45677
2 7790.0 5038.0 106.504944
2 7142.0 5032.0 196.70569
2 7606.0 5009.0 92.680885
2 7772.0 4989.0 279.52435
2 7744.0 4933.0 205.34425
2 7846.0 4923.0 270.1294
2 7622.0 4917.0 222.53786
2 6937.0 4917.0 279.57602
2 7576.0 4915.0 206.79553
2 7783.0 4912.0 256.75623
2 7716.0 4909.0 157.30179
2 7295.0 4887.0 86.88259
2 7777.0 4869.0 224.00635
2 7700.0 4854.0 112.60495
2 7726.0 4833.0 70.1623
2 7702.0 4815.0 256.68332
2 7583.0 4813.0 255.56459
2 7654.0 4795.0 82.92925
2 7417.0 4788.0 297.20047
2 7267.0 4779.0 213.34758
2 6806.0 4755.0 196.38516
0 5259.0 4751.0 180.23541
2 7698.0 4745.0 199.78735
2 7570.0 4741.0 127.34683
2 7617.0 4724.0 232.85016
2 7752.0 4721.0 97.781
2 7673.0 4718.0 63.529705
2 7692.0 4666.0 230.42094
2 7547.0 4664.0 106.301506
2 7259.0 4630.0 82.71214
0 5387.0 4623.0 114.07275
2 7679.0 4581.0 155.24532
2 7674.0 4579.0 70.782364
2 7631.0 4573.0 181.66899
2 7520.0 4572.0 160.61728
2 7848.0 4546.0 253.32663
2 5685.0 4546.0 70.219864
2 7832.0 4542.0 297.86078
2 6735.0 4509.0 126.05465
2 7647.0 4504.0 69.7772
2 7338.0 4481.0 237.03908
0 4602.0 4478.0 102.283966
0 4606.0 4468.0 188.1704
2 7399.0 4467.0 236.03963
2 7037.0 4446.0 68.49479
2 7458.0 4428.0 182.92844
2 7364.0 4427.0 159.41412
2 6058.0 4426.0 261.55557
2 6868.0 4418.0 288.80463
0 3832.0 4410.0 214.48918
2 6670.0 4401.0 113.28003
2 7443.0 4375.0 62.793976
2 7160.0 4370.0 214.4638
2 6139.0 4369.0 147.27213
2 7333.0 4335.0 203.38927
2 6237.0 4332.0 202.9763
0 5385.0 4318.0 246.91888
2 6911.0 4296.0 207.65503
2 6304.0 4294.0 76.912575
2 7111.0 4288.0 88.257935
2 6740.0 4282.0 81.0745
2 7698.0 4279.0 153.63628
2 7613.0 4275.0 297.0181
2 7360.0 4275.0 136.04698
2 6779.0 4273.0 99.90426
2 7207.0 4270.0 217.67607
2 6241.0 4268.0 159.57623
2 7432.0 4265.0 158.56352
0 4354.0 4262.0 224.73338
2 6589.0 4256.0 215.20642
2 7817.0 4252.0 137.40045
2 6051.0 4246.0 129.66405
0 5356.0 4241.0 247.5582
2 7554.0 4236.0 280.85837
2 7534.0 4227.0 110.84978
0 4217.0 4224.0 245.37811
2 7349.0 4219.0 226.0638
2 7128.0 4215.0 215.62677
0 3950.0 4215.0 146.66544
2 6947.0 4209.0 268.52563
2 7549.0 4208.0 233.79854
0 5168.0 4208.0 166.86432
2 6524.0 4207.0 67.46106
2 5871.0 4202.0 125.205505
2 7542.0 4198.0 107.26066
2 6660.0 4193.0 279.16934
2 7216.0 4180.0 132.33287
2 6607.0 4173.0 275.8678
2 7601.0 4171.0 138.44931
2 6123.0 4167.0 247.90265
2 6450.0 4160.0 224.60289
2 6713.0 4154.0 156.10399
2 7355.0 4151.0 285.7292
2 7604.0 4146.0 98.24167
2 7541.0 4141.0 135.75545
2 7506.0 4138.0 292.21124
0 4871.0 4132.0 177.65454
0 2906.0 4131.0 281.35098
2 6488.0 4128.0 125.17362
2 6312.0 4126.0 224.00888
2 6008.0 4117.0 83.6956
0 4427.0 4109.0 245.42114
0 4679.0 4084.0 203.3297
2 5955.0 4081.0 272.30664
2 6891.0 4075.0 122.60731
2 7705.0 4065.0 242.99869
2 7562.0 4058.0 211.63019
0 4634.0 4054.0 230.84712
0 4607.0 4049.0 153.4766
2 6557.0 4047.0 157.20305
2 7344.0 4046.0 195.1629
0 5543.0 4042.0 82.46529
2 7124.0 4039.0 206.28198
2 7466.0 4037.0 208.09702
2 6259.0 4030.0 185.14078
2 6366.0 4002.0 276.63126
0 5597.0 3993.0 78.09587
0 4655.0 3992.0 256.65
2 7805.0 3991.0 85.883446
0 3396.0 3990.0 280.4633
2 6603.0 3982.0 207.85663
2 6537.0 3982.0 177.40474
0 4342.0 3966.0 296.72495
2 7037.0 3965.0 187.7205
2 7345.0 3951.0 226.93468
2 7271.0 3948.0 142.13036
0 5336.0 3943.0 72.28249
2 5964.0 3935.0 260.2064
2 7660.0 3924.0 184.51358
2 7872.0 3922.0 85.41614
2 6567.0 3922.0 235.06845
2 6602.0 3920.0 263.43625
0 4806.0 3914.0 206.10402
2 7909.0 3912.0 189.3328
0 5926.0 3912.0 102.47398
2 7449.0 3911.0 103.34315
2 6333.0 3909.0 140.30527
0 3108.0 3908.0 287.9592
2 7844.0 3902.0 175.70045
0 5427.0 3894.0 133.21964
2 6862.0 3892.0 223.22606
2 6621.0 3891.0 293.745
2 6150.0 3888.0 181.26077
2 7388.0 3879.0 60.01355
2 7351.0 3877.0 61.77301
0 4694.0 3877.0 246.3514
2 6340.0 3870.0 216.22044
2 6425.0 3867.0 116.518456
2 6577.0 3858.0 226.31226
2 6864.0 3854.0 100.78351
0 5706.0 3844.0 226.39435
0 4496.0 3844.0 280.92126
0 4574.0 3843.0 130.00635
0 3824.0 3838.0 145.30072
0 5803.0 3824.0 242.26259
0 5720.0 3823.0 177.59125
2 6454.0 3821.0 136.42563
2 6120.0 3821.0 90.7625
2 7988.0 3820.0 230.41554
2 6376.0 3819.0 122.91643
2 7841.0 3818.0 258.83014
0 5778.0 3813.0 161.7391
0 5457.0 3808.0 168.88477
0 5671.0 3807.0 267.41577
0 4293.0 3788.0 233.81471
2 7423.0 3776.0 65.88901
2 7342.0 3775.0 102.76386
0 5541.0 3769.0 250.2766
0 5621.0 3768.0 88.80724
2 7750.0 3760.0 81.77611
2 6327.0 3745.0 82.069916
2 7879.0 3743.0 144.88942
1 199.0 3743.0 97.206665
2 6652.0 3742.0 286.47195
0 5678.0 3742.0 66.84283
0 5207.0 3742.0 253.8736
2 7429.0 3737.0 146.744
2 7262.0 3725.0 102.96025
2 6427.0 3717.0 105.02735
1 1851.0 3710.0 189.50934
2 6207.0 3700.0 75.947136
2 6069.0 3695.0 243.53246
0 4780.0 3694.0 146.72887
2 7603.0 3690.0 170.41362
0 5751.0 3681.0 140.38625
2 6365.0 3679.0 119.03535
2 6958.0 3678.0 113.98115
2 6317.0 3673.0 217.71922
0 5417.0 3673.0 214.67424
2 6426.0 3656.0 195.00322
2 7922.0 3655.0 218.21129
2 7331.0 3634.0 183.93791
0 5965.0 3624.0 257.99313
0 4965.0 3622.0 124.37954
2 6833.0 3618.0 208.1335
2 6798.0 3610.0 95.11096
2 7667.0 3608.0 250.2142
1 1047.0 3602.0 92.704094
2 7803.0 3598.0 238.85081
2 7370.0 3588.0 291.77185
1 952.0 3583.0 122.47661
2 7906.0 3580.0 115.31444
1 250.0 3578.0 258.4903
0 5111.0 3569.0 236.66791
2 6453.0 3567.0 280.3863
2 7492.0 3560.0 187.28154
2 6140.0 3558.0 91.744156
0 5315.0 3557.0 97.109634
0 5316.0 3554.0 189.79347
0 4232.0 3551.0 85.47183
2 7408.0 3534.0 280.23657
2 8013.0 3523.0 147.23799
0 5160.0 3517.0 84.40423
2 7141.0 3514.0 218.29959
0 5887.0 3508.0 217.6821
0 4694.0 3502.0 150.42241
2 7633.0 3499.0 121.27824
2 7919.0 3496.0 292.40558
1 1784.0 3494.0 73.34919
1 1482.0 3494.0 174.42352
1 236.0 3494.0 174.56204
2 6713.0 3488.0 156.66951
2 7696.0 3486.0 190.3887
1 536.0 3481.0 81.8769
1 317.0 3476.0 239.60365
0 5649.0 3472.0 112.636086
2 6235.0 3471.0 236.13438
2 7199.0 3469.0 186.07571
0 5540.0 3468.0 278.8914
0 5400.0 3461.0 246.60593
0 5796.0 3459.0 129.52908
1 2342.0 3439.0 106.95245
2 7494.0 3430.0 238.05678
2 7321.0 3429.0 102.31487
2 6265.0 3426.0 236.37755
2 8001.0 3418.0 224.58107
1 226.0 3415.0 134.4781
0 6148.0 3413.0 74.29677
0 5987.0 3402.0 66.17312
2 7582.0 3396.0 67.44376
2 7422.0 3390.0 172.81796
2 6623.0 3389.0 180.69684
2 7475.0 3388.0 84.79293
2 7654.0 3377.0 90.1273
2 7838.0 3375.0 91.12551
2 6570.0 3371.0 290.47464
0 4364.0 3362.0 115.40288
2 7316.0 3360.0 70.03685
0 4857.0 3359.0 187.93025
2 7533.0 3358.0 113.60754
0 5719.0 3352.0 215.46051
2 7452.0 3339.0 145.1362
2 7747.0 3329.0 285.05185
0 5841.0 3328.0 114.077034
0 3229.0 3312.0 290.75098
2 7076.0 3302.0 124.64575
2 7657.0 3301.0 282.6467
2 6360.0 3301.0 134.09317
1 525.0 3297.0 237.93777
0 5619.0 3291.0 172.05113
2 7989.0 3271.0 82.30931
0 5697.0 3269.0 124.182816
0 6050.0 3242.0 295.1575
2 7082.0 3235.0 84.69751
0 5539.0 3235.0 290.84314
1 741.0 3235.0 77.44063
2 6731.0 3234.0 165.73375
2 7453.0 3229.0 136.6663
2 7695.0 3220.0 271.61246
2 7299.0 3219.0 227.41273
1 863.0 3219.0 163.13313
2 7861.0 3216.0 291.55286
0 5960.0 3207.0 62.183952
0 4252.0 3206.0 267.7552
2 6402.0 3190.0 105.832825
0 5342.0 3188.0 289.18576
2 6656.0 3181.0 226.26312
2 7532.0 3175.0 267.98123
2 7434.0 3173.0 288.81558
0 5679.0 3171.0 265.25015
2 6518.0 3165.0 134.72807
0 4537.0 3143.0 253.28328
1 806.0 3123.0 213.95596
0 6113.0 3101.0 255.19919
2 7440.0 3100.0 74.859505
0 6204.0 3099.0 247.58708
2 7715.0 3086.0 154.60727
2 7503.0 3086.0 283.76007
0 5821.0 3086.0 128.66312
2 7131.0 3081.0 187.66795
2 7909.0 3080.0 140.2466
1 920.0 3065.0 188.76231
3 6468.0 3050.0 220.47714
0 5677.0 3049.0 62.330395
1 218.0 3031.0 175.08148
2 6881.0 3029.0 192.93855
0 5650.0 3023.0 70.85487
1 197.0 3021.0 114.32437
0 5531.0 3011.0 130.06897
3 6387.0 3008.0 159.76926
0 4458.0 3007.0 208.00879
0 6190.0 2985.0 163.84361
2 7055.0 2981.0 90.84465
2 7238.0 2957.0 169.36543
0 5930.0 2948.0 79.899666
2 7543.0 2929.0 151.12297
0 5291.0 2929.0 244.60611
0 4196.0 2929.0 247.80438
3 6617.0 2928.0 199.3512
0 4831.0 2917.0 291.82373
1 2835.0 2912.0 127.04206
1 174.0 2901.0 298.25638
0 5350.0 2867.0 141.36725
3 7346.0 2858.0 72.567764
0 6044.0 2848.0 225.9453
0 4898.0 2840.0 274.66113
0 3307.0 2833.0 216.12595
1 1918.0 2832.0 205.15338
3 7125.0 2823.0 151.19472
3 6422.0 2820.0 208.63553
0 5881.0 2817.0 82.92154
1 141.0 2814.0 206.65717
3 7851.0 2809.0 191.33813
0 4929.0 2803.0 87.71539
0 5963.0 2789.0 289.62198
0 5470.0 2774.0 158.79848
3 7458.0 2741.0 285.05478
1 1263.0 2734.0 67.956406
3 6766.0 2732.0 159.00685
0 4763.0 2720.0 103.61503
0 3461.0 2718.0 241.32315
3 7309.0 2717.0 166.34079
3 6848.0 2712.0 157.6474
1 178.0 2702.0 133.66946
1 1882.0 2684.0 245.16693
0 4584.0 2643.0 218.35854
0 3174.0 2627.0 74.787025
3 7049.0 2570.0 133.67929
3 7753.0 2564.0 246.39801
3 6597.0 2563.0 223.55356
0 4476.0 2555.0 87.97779
1 1575.0 2555.0 246.63408
3 7304.0 2550.0 266.82346
1 10.0 2537.0 156.74734
3 6800.0 2532.0 99.024956
0 5296.0 2520.0 191.13565
3 7104.0 2510.0 176.92911
3 6547.0 2506.0 255.07426
3 7267.0 2466.0 148.08888
0 3189.0 2411.0 267.86905
0 5117.0 2409.0 286.10022
0 4973.0 2406.0 260.88477
0 4488.0 2378.0 295.59015
3 7351.0 2376.0 61.78397
3 6007.0 2359.0 200.98596
0 4612.0 2341.0 147.99425
3 7015.0 2333.0 100.86078
0 3233.0 2329.0 72.737946
1 240.0 2327.0 114.6614
3 6686.0 2312.0 123.67808
3 6307.0 2295.0 203.28152
3 7448.0 2291.0 71.02473
3 7087.0 2274.0 74.788
1 2067.0 2254.0 261.23376
0 5260.0 2230.0 245.94142
0 4174.0 2190.0 275.38312
1 36.0 2185.0 282.02
3 7856.0 2181.0 137.85461
3 7315.0 2181.0 153.65346
0 3319.0 2151.0 209.75311
1 2126.0 2150.0 290.45093
3 7418.0 2139.0 169.97992
3 6885.0 2138.0 226.45671
0 4959.0 2123.0 191.21881
0 4996.0 2115.0 159.94212
3 5681.0 2109.0 73.20947
0 5277.0 2078.0 196.53188
3 7643.0 2048.0 75.24822
0 3390.0 2043.0 65.72065
3 8080.0 2039.0 266.29132
3 6139.0 2032.0 80.754814
1 2694.0 2026.0 175.51338
3 7152.0 2000.0 123.68238
3 7822.0 1992.0 208.61421
3 7416.0 1953.0 102.90857
3 7352.0 1952.0 104.24489
1 354.0 1950.0 280.38184
3 6493.0 1931.0 168.05748
3 7905.0 1921.0 198.87218
3 8229.0 1905.0 85.2476
3 6803.0 1886.0 164.73752
0 4012.0 1886.0 80.97363
0 4759.0 1883.0 134.90079
3 8101.0 1876.0 75.37563
3 7989.0 1876.0 84.02881
3 8063.0 1860.0 188.49998
3 8080.0 1835.0 263.40866
3 7004.0 1805.0 71.43704
3 6252.0 1795.0 149.80643
3 6826.0 1774.0 293.31836
3 7218.0 1773.0 172.46384
1 464.0 1773.0 278.1702
1 809.0 1766.0 199.88638
3 7240.0 1762.0 178.40326
3 7046.0 1757.0 194.4994
3 8098.0 1746.0 129.10576
3 7314.0 1739.0 260.64352
3 7035.0 1733.0 164.22069
3 5506.0 1719.0 126.544075
3 8184.0 1685.0 245.80025
3 6932.0 1683.0 89.36777
3 5914.0 1682.0 193.26239
1 2908.0 1681.0 178.57085
3 6496.0 1678.0 172.09877
3 8525.0 1664.0 209.4933
3 6765.0 1663.0 140.7211
3 7985.0 1657.0 68.35985
3 6854.0 1640.0 88.75662
3 7926.0 1627.0 202.05746
3 7973.0 1606.0 297.53528
0 5060.0 1577.0 280.56842
0 4056.0 1564.0 299.92108
3 5637.0 1558.0 204.79332
1 2011.0 1558.0 196.95306
3 8038.0 1535.0 244.49782
3 6651.0 1534.0 166.64682
1 552.0 1526.0 195.8064
3 6621.0 1513.0 238.18701
3 8594.0 1510.0 199.34349
0 4719.0 1504.0 263.7903
3 5472.0 1482.0 221.83334
3 8605.0 1479.0 140.65367
1 345.0 1476.0 247.51227
3 8228.0 1471.0 175.29993
0 5005.0 1458.0 151.62685
0 5114.0 1430.0 259.71335
3 5964.0 1421.0 265.88684
1 602.0 1395.0 79.091034
0 5098.0 1394.0 193.05801
0 5068.0 1390.0 129.74728
3 8292.0 1383.0 271.71484
3 6258.0 1354.0 226.36684
0 5010.0 1351.0 108.07471
3 6494.0 1347.0 72.83173
1 437.0 1344.0 284.09653
1 413.0 1338.0 191.41762
1 659.0 1331.0 192.7005
3 5840.0 1325.0 241.19016
3 6378.0 1314.0 243.84221
3 6379.0 1302.0 76.602974
3 6359.0 1298.0 259.80655
1 3245.0 1281.0 249.02628
1 450.0 1274.0 73.76717
1 478.0 1256.0 143.39368
3 5571.0 1255.0 230.43484
1 489.0 1254.0 154.26318
1 513.0 1247.0 118.28901
3 6136.0 1243.0 164.02118
0 4170.0 1232.0 144.99892
1 1721.0 1165.0 293.13507
1 893.0 1161.0 115.48866
3 5930.0 1151.0 269.45535
0 4619.0 1132.0 288.7342
0 4125.0 1125.0 70.50041
3 5139.0 1124.0 126.59406
1 572.0 1108.0 248.10222
0 4500.0 1093.0 246.31761
1 2372.0 1084.0 186.16689
1 993.0 1084.0 277.14142
1 527.0 1077.0 205.78589
3 5788.0 1053.0 98.62281
0 3719.0 1043.0 212.44078
0 4805.0 1033.0 70.86665
3 5140.0 1018.0 151.25037
3 5344.0 1003.0 130.12402
3 5532.0 998.0 250.53477
3 5069.0 998.0 181.67584
1 1595.0 942.0 62.589096
3 5666.0 914.0 128.50883
1 2260.0 913.0 143.39062
0 4244.0 896.0 170.84096
3 5596.0 892.0 198.68167
0 4569.0 886.0 268.60648
1 1072.0 883.0 249.89438
1 3499.0 863.0 275.86346
3 5136.0 825.0 85.889275
1 783.0 825.0 280.78592
1 834.0 757.0 170.38446
1 1406.0 750.0 274.24585
1 3390.0 698.0 213.93225
1 2384.0 695.0 109.52382
1 982.0 659.0 135.77399
1 1422.0 658.0 79.70729
1 1361.0 637.0 216.04486
1 1926.0 636.0 290.89066
1 1213.0 633.0 192.53137
1 1415.0 628.0 60.177547
1 1082.0 625.0 67.17435
1 1254.0 617.0 138.24873
3 5070.0 605.0 113.18427
1 1212.0 603.0 236.19875
1 1249.0 600.0 290.1635
1 3477.0 599.0 123.50381
1 1322.0 580.0 296.9348
1 1253.0 580.0 285.16293
1 1276.0 559.0 273.52728
1 2647.0 485.0 136.7985
1 1443.0 459.0 157.3949
1 1961.0 445.0 161.10896
1 1790.0 429.0 255.60617
1 1503.0 362.0 160.58229
3 5393.0 355.0 264.37308
3 5469.0 10.0 141.60042
