150
1  7010.8853   841.06494
2  7231.6787   4843.726
3  1277.1453   4288.1
4  6730.937   1328.9484
5  7207.233   53.304317
6  6102.988   3880.358
7  1193.0873   299.5985
8  6584.3315   5605.468
9  1024.6249   2684.6912
10  7474.466   874.2053
11  4946.465   2110.9316
12  6788.1   3061.0364
13  4830.99   2511.0151
14  1289.462   3234.8909
15  7219.951   5873.82
16  1133.5399   472.86014
17  5494.6133   5454.895
18  1971.937   4557.613
19  6192.277   43.858013
20  3263.809   3089.9622
21  2494.799   276.18213
22  5665.179   3507.0012
23  172.57248   279.60065
24  6752.733   4142.7114
25  3775.2102   4435.5845
26  6971.01   5301.9253
27  7618.0186   3714.0813
28  574.7197   5340.0205
29  3121.1357   2904.9438
30  3470.7249   3949.6921
31  3316.0403   5122.2075
32  1247.0415   1252.652
33  841.93134   1197.607
34  6309.027   4878.0703
35  1512.3088   3007.4675
36  925.7285   5981.0713
37  3539.8875   1392.3258
38  5122.193   5113.5796
39  6765.788   3131.3845
40  4736.3257   4006.282
41  4746.772   5424.127
42  5591.7334   5654.4834
43  3312.0852   4509.16
44  4620.7637   2622.0828
45  6209.3003   1415.586
46  3904.7886   186.91844
47  3716.3523   2394.9373
48  2981.5916   4847.1816
49  5604.779   4321.943
50  4402.51   5792.605
51  3596.986   2280.1306
52  1404.8252   5215.609
53  6468.1763   1663.501
54  4697.6846   4796.5684
55  3201.3826   4428.25
56  7742.6567   4343.86
57  4111.871   4618.7397
58  2542.8452   4403.3145
59  2614.9873   3969.6655
60  4837.278   3673.2102
61  7319.322   4251.5874
62  730.1204   2269.8948
63  7384.902   5079.743
64  2167.067   3285.6406
65  5593.915   146.28062
66  4304.0693   1664.298
67  3339.2861   1263.7926
68  5696.3896   3191.806
69  1744.242   223.2613
70  6368.76   5357.607
71  5383.816   1272.2666
72  7210.261   3989.4875
73  7587.0444   9.534477
74  770.3299   2898.358
75  7056.4365   1669.6428
76  415.1243   4290.9683
77  6549.092   5136.9365
78  5936.2915   3417.5376
79  3621.6724   580.4329
80  1086.9884   5817.7637
81  949.2326   341.7426
82  6152.821   5612.6597
83  7485.733   4635.7515
84  2548.1826   2561.1511
85  7741.87   3739.0576
86  6561.285   2059.3545
87  713.6721   643.8844
88  7753.9736   3906.9312
89  4503.116   4645.422
90  155.26132   2498.9124
91  3429.847   3008.2947
92  1270.2931   5122.859
93  5440.869   4723.074
94  7059.2915   2250.2144
95  6882.9277   1416.5005
96  6423.833   107.18722
97  1210.0673   5719.3057
98  4370.6245   3394.492
99  1956.7094   823.26624
100  6905.7515   796.7507
101  2314.3699   4574.348
102  6845.1997   5881.351
103  7907.973   5251.542
104  2110.2417   5133.038
105  3875.5134   4171.2227
106  709.1154   1204.4978
107  112.64765   2434.5896
108  3489.2148   984.6822
109  3551.591   1501.0024
110  2876.8384   2795.6033
111  5601.524   1822.7327
112  5204.347   4924.81
113  6385.5127   516.91125
114  7857.3994   4784.748
115  5166.7686   5978.168
116  4357.7393   4261.687
117  364.88513   2450.7058
118  2629.8298   2275.878
119  2820.4885   881.27734
120  4082.438   2221.0977
121  474.57413   5864.775
122  7769.082   3785.714
123  1386.5952   4171.873
124  6774.073   1678.8931
125  5023.1865   2213.3943
126  1103.6932   3994.5525
127  1007.2242   1848.8198
128  6744.8574   4342.151
129  6024.7314   2186.573
130  6186.435   457.38974
131  3344.9487   1451.4684
132  1581.198   1777.3784
133  5416.7075   3609.9312
134  5859.199   1423.8146
135  6262.051   5246.336
136  3486.1724   2184.1992
137  6895.864   5174.0464
138  7193.377   3415.1006
139  7758.0864   2442.4746
140  1888.118   312.96286
141  3152.8877   3766.7034
142  2086.9722   2706.939
143  7947.008   2958.9648
144  6596.5854   3424.7107
145  4287.269   4681.4873
146  1799.7023   4366.2485
147  7855.083   4767.9683
148  6786.903   5691.9385
149  3183.5889   3476.158
150  5707.3438   5990.5005
