60
1  7147.8325   5153.0547
2  6766.6895   4795.379
3  7493.634   5070.9297
4  7478.416   4931.4473
5  7146.568   5534.16
6  7156.775   4929.096
7  4746.5996   5237.8125
8  4389.574   5222.0615
9  4939.6494   5096.1
10  5030.0947   5221.167
11  4987.7446   5163.179
12  4415.373   5413.1025
13  4945.6016   46.72805
14  4787.968   217.48561
15  5004.004   268.98663
16  5126.409   117.42595
17  4654.4424   361.21222
18  4785.349   397.0873
19  2189.185   2216.1565
20  2063.4724   2144.7031
21  1943.8282   1826.2683
22  2339.1797   2008.5875
23  2112.8718   2391.2812
24  1994.1492   2045.4287
25  5090.212   379.74973
26  4769.4575   607.55725
27  5199.8276   778.4798
28  4751.315   187.08649
29  5194.1885   42.022068
30  4770.352   34.20047
31  6805.8447   3269.131
32  6685.593   2905.893
33  6886.4185   3421.1914
34  6439.185   3295.4111
35  7048.3613   3450.1592
36  6831.739   3022.4846
37  1087.1123   328.5414
38  1291.4441   253.92548
39  1034.0238   92.21706
40  894.42957   511.33746
41  848.06195   660.62036
42  1004.1804   556.572
43  6082.5376   4805.283
44  6115.3545   4656.893
45  6294.3184   5037.627
46  6130.1265   4797.8843
47  6130.9585   4454.137
48  5799.527   4814.3765
49  1154.6024   3040.1375
50  795.3332   3037.7107
51  975.82385   3335.6892
52  1289.2607   2728.5159
53  1270.1317   3074.069
54  1507.6632   3397.8154
55  6701.839   4246.4795
56  6329.931   4381.199
57  6540.991   4576.777
58  6926.9937   3892.8347
59  6574.5605   4172.502
60  6671.965   4375.627
