1177
0 1576.19 1276.17 251.84904
1 677.16 1429.41 104.158844
2 653.28 2828.73 225.87889
3 1573.09 2623.93 238.33969
0 2017.0 663.0 223.27379
0 2017.0 703.0 165.59967
0 2018.0 741.0 261.7585
0 2017.0 779.0 198.3618
0 2016.0 817.0 80.28281
0 2019.0 856.0 219.46405
0 2019.0 896.0 187.8076
0 2019.0 935.0 94.50481
0 2031.0 966.0 106.489235
0 1963.0 877.0 256.104
0 1964.0 901.0 292.84793
0 1941.0 934.0 139.68388
0 1862.0 666.0 161.01212
0 1863.0 705.0 73.12048
0 1865.0 742.0 114.209915
0 1865.0 780.0 128.46536
0 1865.0 820.0 255.82294
0 1866.0 859.0 148.74495
0 1864.0 895.0 204.75462
0 1864.0 938.0 156.22227
0 1972.0 1051.0 270.58502
0 1971.0 1090.0 253.81197
0 1972.0 1128.0 284.71686
0 1974.0 1168.0 245.68356
0 1973.0 1205.0 270.9501
0 1974.0 1245.0 197.32997
0 1974.0 1284.0 232.88797
0 1943.0 1110.0 94.12599
0 1915.0 1150.0 260.2611
0 1856.0 1053.0 199.01704
0 1856.0 1090.0 299.39188
0 1858.0 1130.0 126.56801
0 1857.0 1169.0 186.0937
0 1857.0 1207.0 248.02766
0 1858.0 1245.0 237.54219
0 1857.0 1286.0 219.93365
0 1820.0 1246.0 202.05482
0 2034.0 1360.0 280.456
0 1860.0 1392.0 75.00249
0 1781.0 1390.0 130.26414
0 1976.0 1456.0 191.73923
0 1976.0 1494.0 89.06039
0 1975.0 1536.0 294.7064
0 1978.0 1573.0 129.66426
0 1978.0 1611.0 235.731
0 1977.0 1651.0 127.013435
0 1977.0 1688.0 193.72829
0 1976.0 1728.0 121.77977
0 1979.0 1767.0 204.02025
0 1979.0 1806.0 263.34113
0 1978.0 1852.0 133.53003
0 2026.0 1573.0 74.211754
0 2026.0 1648.0 185.18993
0 2025.0 1729.0 131.07394
0 2036.0 1854.0 127.74322
0 1931.0 1775.0 63.38296
0 1901.0 1887.0 100.212456
0 1861.0 1456.0 139.99237
0 1859.0 1498.0 293.8812
0 1861.0 1537.0 171.98067
0 1859.0 1576.0 272.67957
0 1860.0 1614.0 184.20839
0 1861.0 1651.0 123.10912
0 1858.0 1691.0 271.20996
0 1861.0 1731.0 298.77356
0 1860.0 1768.0 280.68417
3 1865.0 2287.0 257.43497
0 1860.0 1853.0 239.70067
3 1979.0 1978.0 239.27257
3 1979.0 2015.0 68.14823
3 1979.0 2055.0 106.41847
3 1978.0 2097.0 258.02057
3 1981.0 2133.0 262.36655
3 1980.0 2092.0 116.7291
3 1980.0 2210.0 145.72981
3 1982.0 2248.0 152.35707
3 1981.0 2284.0 240.04526
3 1983.0 2326.0 226.98549
3 1984.0 2377.0 77.62362
3 2031.0 2376.0 183.03839
3 1952.0 2058.0 242.30391
3 1922.0 2093.0 252.87161
3 1933.0 2209.0 158.62901
3 1923.0 2250.0 223.17535
0 1862.0 1930.0 222.39638
3 1864.0 1979.0 266.53574
3 1864.0 2017.0 272.48993
3 1865.0 2056.0 109.81368
3 1865.0 2093.0 122.85029
3 1864.0 2136.0 293.70908
3 1866.0 2174.0 146.62505
3 1865.0 2214.0 194.59657
3 1866.0 2250.0 75.94295
3 1865.0 2291.0 266.8018
3 1868.0 2329.0 158.11061
3 1982.0 2459.0 253.04605
3 1983.0 2579.0 83.82088
3 1985.0 2541.0 188.68228
3 1985.0 2576.0 90.42409
3 1984.0 2616.0 291.1818
3 1986.0 2653.0 262.43076
3 1984.0 2671.0 213.4752
3 1988.0 2734.0 184.9205
3 1937.0 2696.0 175.30469
3 1906.0 2616.0 179.91338
3 1867.0 2414.0 191.57275
3 1867.0 2462.0 161.24844
3 1869.0 2502.0 165.38245
3 1869.0 2544.0 294.09702
3 1870.0 2578.0 114.41383
3 1867.0 2619.0 198.6463
3 1868.0 2657.0 234.58347
3 1871.0 2697.0 75.210754
3 1870.0 2736.0 110.444374
3 1958.0 2830.0 295.29413
3 2034.0 2857.0 267.11465
3 2035.0 2906.0 168.9227
3 2037.0 3218.0 67.031944
3 2038.0 3361.0 235.63097
3 1988.0 2985.0 243.62862
3 1989.0 3020.0 231.2925
3 1988.0 3061.0 263.96683
3 1990.0 3099.0 235.7813
3 1989.0 3139.0 148.07451
3 1989.0 3178.0 91.21193
3 1990.0 3214.0 82.54132
3 1990.0 3257.0 124.96951
3 1993.0 3365.0 201.97635
3 1921.0 2983.0 147.39159
3 1904.0 3103.0 140.05844
3 1870.0 2859.0 96.034836
3 1872.0 2938.0 271.73236
3 1872.0 2987.0 105.93616
3 1871.0 3027.0 252.98024
3 1874.0 3066.0 140.89394
3 1871.0 3104.0 101.63775
3 1873.0 3138.0 111.03514
3 1873.0 3180.0 172.78583
3 1873.0 3219.0 117.032936
3 1874.0 3258.0 279.943
0 1758.0 540.0 135.28036
0 1709.0 559.0 226.9681
1 567.0 535.0 208.84454
1 570.0 578.0 187.36894
1 511.0 558.0 257.60565
1 462.0 558.0 113.45783
1 248.0 561.0 272.86072
0 1563.0 707.0 167.10979
0 1524.0 707.0 245.82893
0 1486.0 709.0 140.12314
0 1447.0 710.0 268.66544
0 1409.0 708.0 232.4635
0 1370.0 709.0 157.26085
0 1332.0 709.0 251.85141
0 1293.0 709.0 197.50677
0 1257.0 707.0 72.83993
0 1216.0 709.0 74.82879
0 1180.0 710.0 166.08073
0 1138.0 709.0 138.36143
0 1101.0 712.0 291.00482
0 1061.0 710.0 287.64938
0 1024.0 710.0 283.50668
1 985.0 711.0 206.43988
1 946.0 710.0 224.02838
1 908.0 709.0 243.96698
1 874.0 1111.0 234.0498
1 832.0 1111.0 161.85397
1 947.0 713.0 167.51605
1 908.0 711.0 90.85988
1 872.0 1110.0 279.02902
1 789.0 627.0 166.40364
1 753.0 712.0 217.30809
1 716.0 713.0 249.10062
1 677.0 712.0 78.84469
1 638.0 710.0 144.17372
0 1564.0 745.0 184.94498
0 1526.0 746.0 93.040924
0 1489.0 745.0 111.33528
0 1449.0 745.0 226.86615
0 1409.0 746.0 252.80382
0 1373.0 745.0 94.37628
0 1334.0 746.0 89.330315
0 1296.0 745.0 137.527
0 1258.0 747.0 131.92128
0 1216.0 748.0 265.12946
0 1178.0 744.0 236.78206
0 1139.0 748.0 286.5627
0 1096.0 751.0 270.12732
0 1060.0 747.0 279.17676
1 1023.0 748.0 121.21775
1 986.0 748.0 221.67383
1 947.0 751.0 290.2238
1 910.0 747.0 63.125053
1 875.0 1146.0 66.113106
1 833.0 1147.0 168.5687
1 792.0 1148.0 197.55107
1 751.0 752.0 86.33221
1 714.0 750.0 220.14798
1 678.0 750.0 82.05501
1 638.0 751.0 103.3953
0 1721.0 782.0 126.34755
0 1681.0 782.0 61.163677
0 1641.0 784.0 137.34003
0 1602.0 784.0 265.2984
0 1565.0 785.0 180.03375
0 1527.0 784.0 61.00121
0 1489.0 786.0 209.10573
0 1450.0 784.0 187.44215
1 1025.0 803.0 152.11569
1 983.0 807.0 73.25921
1 1025.0 845.0 251.15927
1 638.0 788.0 153.88712
1 598.0 792.0 221.88638
1 561.0 790.0 209.36922
1 521.0 790.0 122.193115
0 1627.0 1323.0 244.55649
0 1625.0 1282.0 245.28404
0 1627.0 1243.0 179.24585
0 1627.0 1205.0 223.42421
0 1622.0 685.0 128.46454
0 1627.0 1129.0 273.53937
0 1625.0 1088.0 211.1284
0 1626.0 1051.0 121.61538
0 1626.0 984.0 140.7983
0 1606.0 935.0 141.0759
0 1645.0 934.0 251.09021
0 1683.0 933.0 86.21684
0 1703.0 985.0 170.07106
0 1720.0 934.0 174.33101
0 1739.0 891.0 96.05081
0 1759.0 934.0 172.1
0 1743.0 1052.0 188.67499
0 1742.0 1090.0 119.6495
0 1740.0 1129.0 74.98615
0 1741.0 1164.0 89.59008
0 1745.0 1206.0 134.77013
0 1744.0 1247.0 262.38574
0 1743.0 1284.0 181.3908
0 1743.0 1322.0 141.23839
0 1513.0 1373.0 95.55599
0 1580.0 1373.0 290.8353
0 1581.0 1323.0 215.90572
0 1540.0 1284.0 250.00977
0 1511.0 1285.0 191.58173
0 1512.0 1246.0 147.60075
0 1511.0 1206.0 121.38476
0 1558.0 1204.0 156.29457
0 1512.0 1169.0 178.8597
0 1510.0 1127.0 267.48138
0 1510.0 1091.0 283.53198
0 1508.0 1052.0 261.38947
0 1474.0 1043.0 130.15723
0 1471.0 983.0 224.9599
0 1450.0 935.0 128.6015
0 1434.0 906.0 142.82541
0 1491.0 936.0 108.9504
0 1528.0 935.0 105.845085
0 1568.0 933.0 195.51126
0 1395.0 987.0 62.155468
0 1395.0 1055.0 269.13287
0 1396.0 1092.0 116.61209
0 1394.0 1127.0 153.08063
0 1395.0 1168.0 68.54987
0 1396.0 1207.0 100.682785
0 1425.0 1228.0 91.46777
0 1396.0 1246.0 253.96216
0 1397.0 1285.0 211.77965
0 1398.0 1339.0 276.09943
0 1398.0 1458.0 291.15198
0 1340.0 1295.0 65.19648
0 1329.0 1169.0 75.90482
0 1280.0 1372.0 174.53123
0 1282.0 1322.0 128.97058
0 1282.0 1286.0 231.17883
0 1278.0 1243.0 90.21756
0 1281.0 1209.0 190.12573
0 1280.0 1170.0 208.54016
0 1280.0 1132.0 108.185326
0 1281.0 1092.0 226.72476
0 1281.0 1054.0 128.24174
0 1257.0 958.0 274.20862
0 1242.0 984.0 120.46624
0 1165.0 988.0 153.68929
0 1164.0 1057.0 77.77321
0 1163.0 1095.0 79.10069
0 1165.0 1132.0 226.27296
0 1166.0 1170.0 122.48317
0 1166.0 1208.0 279.94363
0 1165.0 1246.0 167.22107
0 1165.0 1289.0 228.0447
0 1167.0 1327.0 140.24059
0 1088.0 1049.0 93.53926
0 1107.0 1151.0 185.0331
1 1108.0 1286.0 294.34048
1 1087.0 1329.0 163.53285
1 1049.0 1058.0 223.65886
1 1049.0 1093.0 224.4145
1 1049.0 1134.0 261.96115
1 1051.0 1172.0 298.52182
1 1048.0 1207.0 135.66684
1 1050.0 1249.0 172.87659
1 1052.0 1289.0 215.06563
1 1050.0 1328.0 270.7828
1 1050.0 1378.0 98.146286
1 1019.0 1323.0 68.4174
1 1021.0 1269.0 253.94496
1 1019.0 1226.0 293.22214
1 1014.0 988.0 268.25766
1 974.0 1172.0 65.36395
1 934.0 989.0 109.47721
1 935.0 1058.0 113.2491
1 936.0 1097.0 290.01825
1 935.0 1134.0 294.0428
1 936.0 1175.0 210.14537
1 936.0 1210.0 100.5964
1 936.0 1250.0 260.62677
1 936.0 1287.0 241.10254
1 935.0 1327.0 166.86014
1 896.0 1466.0 144.9173
1 898.0 1043.0 112.06732
1 899.0 1284.0 288.7969
1 900.0 1326.0 246.68845
1 860.0 1327.0 67.52251
1 859.0 1371.0 254.83562
1 861.0 1533.0 90.519966
1 860.0 1683.0 259.9485
1 859.0 1325.0 174.35385
1 883.0 1876.0 137.74034
1 817.0 1458.0 246.37134
1 816.0 1496.0 145.9907
1 817.0 1539.0 247.5263
1 819.0 1568.0 72.34154
1 816.0 1117.0 156.51189
1 815.0 1648.0 211.34424
1 816.0 1684.0 170.50415
1 817.0 1807.0 212.69751
1 788.0 1357.0 211.55588
1 768.0 1195.0 209.76721
1 777.0 990.0 147.21191
1 730.0 1139.0 250.70084
1 695.0 913.0 148.22949
1 702.0 991.0 217.09897
1 703.0 1058.0 148.11438
1 699.0 1095.0 104.39391
1 700.0 1137.0 95.00991
1 701.0 1176.0 64.67141
1 699.0 1215.0 76.534836
1 701.0 1252.0 281.26312
1 702.0 1291.0 156.44406
1 702.0 1325.0 273.3963
1 642.0 943.0 116.21514
1 602.0 945.0 210.62102
1 564.0 945.0 96.32963
1 525.0 943.0 296.5044
1 542.0 993.0 76.35516
1 640.0 1059.0 138.7943
1 583.0 1058.0 218.9263
1 585.0 1098.0 152.27225
1 585.0 1138.0 173.1039
1 641.0 1135.0 287.9456
1 585.0 1176.0 73.84871
1 584.0 1215.0 88.93092
1 586.0 1254.0 136.70879
1 645.0 1250.0 213.96584
1 623.0 1290.0 164.27766
1 586.0 1289.0 92.31138
1 585.0 1340.0 171.26408
1 540.0 1375.0 220.98369
1 473.0 1342.0 299.60986
1 406.0 1255.0 182.63979
1 414.0 1079.0 199.23373
1 354.0 1056.0 99.647766
1 354.0 1100.0 282.65146
1 354.0 1141.0 270.2558
1 354.0 1179.0 115.65815
1 353.0 1216.0 193.4469
1 354.0 1260.0 97.9447
1 354.0 1292.0 130.88606
1 354.0 1345.0 177.18932
1 358.0 1383.0 101.94275
1 326.0 792.0 71.80109
1 326.0 1312.0 299.46487
1 326.0 870.0 118.83216
1 327.0 909.0 81.8988
1 315.0 947.0 286.0997
1 274.0 946.0 247.35268
1 313.0 995.0 286.50552
1 316.0 1051.0 286.89902
1 295.0 1273.0 286.89276
1 296.0 1383.0 61.16315
1 234.0 994.0 236.26942
1 237.0 1062.0 113.15869
1 238.0 1103.0 275.3453
1 238.0 1140.0 222.26874
1 235.0 1179.0 121.300354
1 237.0 1216.0 93.8395
1 238.0 1259.0 142.52061
1 239.0 1295.0 114.413536
1 241.0 1344.0 85.43066
1 198.0 1207.0 86.290344
1 201.0 1141.0 191.00621
1 200.0 1024.0 122.72236
1 170.0 996.0 247.30206
1 166.0 905.0 166.24449
1 167.0 863.0 295.36136
1 166.0 826.0 230.75388
1 166.0 790.0 131.9181
0 1816.0 1652.0 280.11325
0 1804.0 1728.0 189.8497
0 1806.0 1805.0 193.10512
0 1746.0 1456.0 66.614586
0 1747.0 1494.0 191.12576
0 1748.0 1533.0 215.90602
0 1747.0 1570.0 179.434
0 1746.0 1611.0 106.201294
0 1747.0 1650.0 267.17374
0 1749.0 1690.0 253.2703
0 1743.0 1724.0 251.62607
0 1751.0 1768.0 167.263
0 1744.0 1807.0 277.82928
0 1749.0 1856.0 217.7064
0 1748.0 1902.0 229.1908
0 1627.0 1407.0 154.3417
0 1633.0 1460.0 75.113716
0 1630.0 1495.0 194.70743
0 1628.0 1533.0 258.83237
0 1631.0 1573.0 150.9568
0 1634.0 1612.0 267.2041
0 1632.0 1651.0 232.5737
0 1633.0 1692.0 92.49898
0 1632.0 1731.0 66.15403
0 1629.0 1766.0 276.37415
0 1632.0 1806.0 159.73425
0 1631.0 1855.0 94.07443
0 1653.0 1886.0 272.50848
0 1633.0 1931.0 62.07499
0 1580.0 1456.0 200.1667
0 1592.0 1536.0 138.23485
0 1514.0 1458.0 144.24144
0 1514.0 1495.0 287.17117
0 1514.0 1538.0 277.25476
0 1509.0 1575.0 235.8528
0 1514.0 1617.0 164.34486
0 1513.0 1653.0 289.95633
0 1513.0 1692.0 280.40723
0 1516.0 1730.0 118.69072
0 1515.0 1770.0 137.34233
0 1516.0 1807.0 216.68219
0 1515.0 1855.0 100.24673
0 1527.0 1888.0 61.984406
0 1475.0 1748.0 219.5487
0 1436.0 1538.0 268.94467
0 1400.0 1411.0 117.16015
0 1397.0 1457.0 76.87738
0 1399.0 1499.0 161.42621
0 1399.0 1537.0 147.37917
0 1396.0 1575.0 214.4883
0 1398.0 1615.0 145.52562
0 1401.0 1651.0 226.86809
0 1398.0 1691.0 147.72745
0 1398.0 1729.0 281.61554
0 1399.0 1768.0 240.05214
0 1400.0 1808.0 151.97595
0 1401.0 1855.0 147.44725
0 1402.0 1808.0 293.70517
0 1403.0 1936.0 102.38973
0 1360.0 1895.0 231.13107
0 1361.0 1825.0 230.64555
0 1340.0 1769.0 203.81055
0 1358.0 1576.0 125.41003
0 1358.0 1457.0 210.89421
0 1331.0 1458.0 296.2256
0 1282.0 1459.0 179.57634
0 1281.0 1499.0 166.59612
0 1284.0 1538.0 252.50316
0 1283.0 1578.0 158.74698
0 1282.0 1616.0 160.72841
0 1282.0 1654.0 263.87543
0 1283.0 1692.0 191.47128
0 1283.0 1730.0 63.608196
0 1285.0 1770.0 65.03581
0 1285.0 1809.0 89.0889
0 1285.0 1860.0 118.02494
0 1253.0 1690.0 197.76921
0 1218.0 1482.0 69.41202
0 1215.0 1541.0 167.93199
0 1166.0 1411.0 284.85196
0 1166.0 1547.0 284.34232
0 1166.0 1500.0 239.30751
0 1165.0 1536.0 296.06232
0 1167.0 1576.0 238.86761
1 1167.0 1617.0 223.9879
1 1167.0 1655.0 133.52974
1 1168.0 1694.0 149.42802
1 1169.0 1733.0 111.43907
1 1168.0 1768.0 228.16168
1 1172.0 1812.0 193.11124
1 1168.0 1861.0 222.73058
1 1127.0 1595.0 146.74371
1 1131.0 1810.0 218.86914
1 1092.0 1794.0 291.8308
1 1052.0 1459.0 253.29492
1 1050.0 1499.0 120.6708
1 1047.0 1536.0 86.69224
1 1049.0 1578.0 62.477013
1 1051.0 1617.0 78.47929
1 1051.0 1656.0 62.91066
1 1050.0 1696.0 143.46301
1 1052.0 1733.0 276.92795
1 1052.0 1772.0 193.1163
1 1051.0 1812.0 282.60977
1 1052.0 1861.0 298.06787
1 995.0 1636.0 249.60524
1 967.0 1656.0 119.336555
1 933.0 1411.0 273.20453
1 935.0 1460.0 243.47589
1 934.0 1498.0 232.84464
1 934.0 1538.0 154.48514
1 935.0 1580.0 234.78098
1 935.0 1615.0 230.19365
1 936.0 1655.0 159.21037
1 935.0 1692.0 203.70068
1 936.0 1734.0 102.54168
1 937.0 1773.0 255.95882
1 939.0 1814.0 219.76431
1 880.0 1463.0 232.08653
1 815.0 1463.0 67.69631
1 813.0 1418.0 243.59377
1 818.0 1938.0 168.78539
1 816.0 1576.0 67.262245
1 817.0 1617.0 262.3255
2 819.0 2133.0 128.54976
1 822.0 2092.0 114.4196
1 849.0 1729.0 166.44354
1 823.0 1864.0 272.50314
1 771.0 1674.0 174.78233
1 739.0 1522.0 211.2247
1 703.0 1412.0 93.05808
1 703.0 1463.0 164.1961
1 703.0 1504.0 122.20692
1 702.0 1542.0 274.55835
1 701.0 1579.0 146.26358
1 702.0 1619.0 154.1944
1 702.0 1658.0 61.093826
1 705.0 1698.0 168.24297
1 704.0 1864.0 252.59454
1 674.0 1599.0 93.56022
1 643.0 1407.0 148.37088
1 626.0 1483.0 275.9245
1 646.0 1775.0 142.32294
1 588.0 1466.0 73.81752
1 586.0 1504.0 107.91111
1 586.0 1542.0 133.02731
1 588.0 1583.0 233.97762
1 588.0 1621.0 196.33882
1 587.0 1659.0 171.49287
1 589.0 1696.0 290.19107
1 610.0 1912.0 98.826866
1 591.0 1861.0 223.12027
1 547.0 1757.0 79.22841
1 548.0 1520.0 100.56045
1 510.0 1714.0 232.98737
1 473.0 1415.0 292.37012
1 471.0 1469.0 207.86685
1 473.0 1506.0 132.2827
1 472.0 1546.0 248.18279
1 469.0 1583.0 215.07027
1 470.0 1137.0 272.48676
1 473.0 1661.0 144.05211
1 473.0 1699.0 263.0342
1 475.0 1759.0 268.90515
1 443.0 1642.0 191.70265
1 383.0 1601.0 185.52551
1 326.0 1449.0 155.12401
1 356.0 1464.0 233.6861
1 355.0 1506.0 298.61942
1 356.0 1545.0 275.91653
1 352.0 1591.0 219.93454
1 356.0 1624.0 147.63397
1 357.0 1660.0 279.37796
1 357.0 1700.0 73.061455
1 237.0 1417.0 196.12163
1 240.0 1467.0 226.61763
1 240.0 1506.0 108.24462
1 237.0 1544.0 211.7332
1 241.0 1585.0 117.44321
1 241.0 1622.0 178.67921
1 240.0 1662.0 62.80644
1 241.0 1700.0 123.9649
1 472.0 1862.0 120.0219
1 478.0 1939.0 163.91261
1 427.0 1910.0 84.94356
1 397.0 1892.0 275.62857
1 354.0 1860.0 209.48029
1 326.0 1812.0 174.99521
1 287.0 1792.0 262.85965
1 238.0 1756.0 182.49883
1 238.0 1804.0 195.84682
1 240.0 1861.0 126.40749
1 240.0 1942.0 206.56052
3 1790.0 1996.0 185.51614
3 1792.0 2058.0 294.9897
3 1790.0 2096.0 240.60982
3 1790.0 2233.0 213.78009
3 1748.0 1975.0 208.9482
3 1750.0 2016.0 193.6952
3 1751.0 2057.0 247.17957
3 1749.0 2096.0 255.4632
3 1752.0 2134.0 196.63254
3 1753.0 2174.0 201.36713
3 1751.0 2213.0 66.14646
3 1752.0 2249.0 109.5229
3 1750.0 2289.0 220.46799
3 1752.0 2329.0 144.6819
3 1752.0 2376.0 109.49837
3 1632.0 1980.0 238.70035
3 1634.0 2020.0 261.80676
3 1634.0 2055.0 142.395
3 1635.0 2096.0 265.06396
3 1633.0 2133.0 242.96397
3 1637.0 2174.0 60.38327
3 1636.0 2212.0 165.85254
3 1634.0 2251.0 144.7134
3 1636.0 2290.0 238.99452
3 1635.0 2327.0 126.90057
3 1635.0 2416.0 186.62141
3 1588.0 2247.0 164.05179
3 1851.0 2771.0 88.911606
3 1832.0 2829.0 264.3791
3 1793.0 2791.0 296.0114
3 1793.0 2579.0 193.51596
3 1752.0 2459.0 177.50706
3 1753.0 2498.0 219.85721
3 1751.0 2539.0 292.1212
3 1753.0 2580.0 201.01775
3 1754.0 2615.0 141.85939
3 1754.0 2655.0 72.0174
3 1757.0 2695.0 148.39996
3 1756.0 2733.0 294.01257
3 1757.0 2771.0 269.31332
3 1756.0 2813.0 131.79591
3 1756.0 2858.0 263.57617
3 1727.0 2825.0 104.106346
3 1706.0 2755.0 119.417885
3 1702.0 2713.0 212.01863
3 1723.0 2503.0 166.16325
3 1638.0 2461.0 180.04726
3 1637.0 2500.0 132.52516
3 1636.0 2542.0 188.58992
3 1636.0 2578.0 247.61244
3 1638.0 2615.0 165.18465
3 1637.0 2655.0 162.36241
3 1639.0 2699.0 149.7455
3 1639.0 2733.0 86.54212
3 1638.0 2776.0 273.21045
3 1639.0 2811.0 91.99836
3 1640.0 2859.0 151.36537
3 1619.0 2892.0 282.33167
3 1652.0 2911.0 261.23355
3 1640.0 2941.0 202.23465
3 1833.0 2997.0 185.32632
3 1812.0 3115.0 119.72842
3 1826.0 3176.0 291.97195
3 1825.0 3212.0 118.56272
3 1795.0 3253.0 184.35861
3 1816.0 3295.0 116.9745
3 1777.0 3293.0 217.08165
3 1757.0 3251.0 167.43533
3 1758.0 3214.0 130.85564
3 1755.0 3176.0 88.32075
3 1755.0 3136.0 61.3754
3 1754.0 3095.0 64.71193
3 1757.0 3062.0 168.56935
3 1752.0 3022.0 97.65323
3 1755.0 2984.0 122.91969
3 1726.0 3002.0 158.74579
3 1709.0 3157.0 275.10938
3 1687.0 3013.0 233.31839
3 1608.0 3002.0 206.73164
3 1638.0 2985.0 117.69092
3 1640.0 3024.0 219.64723
3 1640.0 3063.0 135.09122
3 1639.0 3101.0 240.03249
3 1643.0 3141.0 265.2155
3 1642.0 3180.0 84.2122
3 1641.0 3217.0 252.59079
3 1641.0 3254.0 234.7488
3 1730.0 3333.0 210.91829
3 1730.0 3441.0 288.4493
3 1681.0 3358.0 70.30679
3 1613.0 3360.0 188.18625
3 1585.0 3331.0 231.3537
3 1587.0 3441.0 226.69446
3 1517.0 3333.0 157.76
3 1517.0 1979.0 205.53622
3 1514.0 2017.0 74.68102
3 1516.0 2057.0 142.70598
3 1516.0 2093.0 254.17883
3 1517.0 2133.0 288.10867
3 1515.0 2172.0 206.56175
3 1516.0 2213.0 131.37642
3 1520.0 2251.0 115.43395
3 1518.0 2290.0 258.92014
3 1519.0 2330.0 227.03937
3 1520.0 2378.0 128.2327
3 1489.0 2058.0 256.83182
3 1459.0 2135.0 72.499374
3 1460.0 2172.0 267.7446
3 1440.0 2211.0 146.51697
3 1432.0 2021.0 98.727615
3 1400.0 1980.0 238.50806
3 1399.0 2017.0 185.87892
3 1401.0 2058.0 288.1252
3 1403.0 2094.0 162.77762
3 1403.0 2135.0 79.00787
3 1404.0 2177.0 66.03822
3 1403.0 2216.0 148.6646
3 1403.0 2251.0 235.00983
3 1403.0 2291.0 276.93997
3 1404.0 2328.0 83.048
3 1517.0 2462.0 278.37552
3 1518.0 2505.0 87.75173
3 1519.0 2542.0 138.61717
3 1519.0 2581.0 248.59096
3 1518.0 2621.0 189.64793
3 1519.0 2659.0 155.81313
3 1519.0 2695.0 145.76343
3 1520.0 2733.0 161.51712
3 1521.0 2775.0 178.34654
3 1523.0 2810.0 93.18116
3 1521.0 2861.0 152.86981
3 1492.0 2736.0 166.33585
3 1473.0 2677.0 190.14357
3 1451.0 2532.0 274.84436
3 1454.0 2500.0 273.37015
3 1403.0 2417.0 136.49873
3 1402.0 2466.0 194.54227
3 1405.0 2503.0 94.221886
3 1403.0 2544.0 293.37436
3 1403.0 2583.0 118.69182
3 1404.0 2620.0 68.25836
3 1403.0 2658.0 60.033154
3 1405.0 2699.0 194.43163
3 1405.0 2738.0 221.46426
3 1406.0 2777.0 196.11168
3 1405.0 2813.0 137.30296
3 1591.0 3121.0 257.0297
3 1593.0 3219.0 126.13111
3 1419.0 3034.0 71.56396
3 1554.0 2939.0 185.55608
3 1514.0 2938.0 94.27149
3 1477.0 2941.0 159.99608
3 1434.0 2940.0 80.52338
3 1402.0 2938.0 283.11502
3 1552.0 3092.0 150.4044
3 1515.0 3093.0 241.5503
3 1476.0 3094.0 181.02106
3 1439.0 3097.0 149.77391
3 1398.0 3092.0 131.61148
3 1556.0 3160.0 104.412125
3 1515.0 3160.0 107.8486
3 1476.0 3164.0 110.9807
3 1440.0 3160.0 116.709145
3 1396.0 3161.0 271.38257
3 1555.0 3200.0 155.23064
3 1514.0 3197.0 285.0195
3 1476.0 3198.0 203.12933
3 1435.0 3198.0 282.10022
3 1399.0 3200.0 162.09026
3 1352.0 1988.0 80.54419
3 1364.0 2097.0 198.7992
3 1365.0 2155.0 197.38881
3 1364.0 2290.0 163.45003
3 1345.0 2331.0 105.17356
3 1346.0 2249.0 233.26541
3 1286.0 2380.0 290.50015
3 1323.0 2133.0 77.99526
3 1284.0 1980.0 86.7179
3 1284.0 2015.0 71.64466
3 1286.0 2056.0 250.06467
3 1286.0 2096.0 95.81094
3 1284.0 2135.0 116.96632
3 1286.0 2173.0 172.71608
3 1290.0 2217.0 121.67038
3 1259.0 2076.0 111.787766
3 1369.0 2559.0 203.8232
3 1327.0 2598.0 257.7062
3 1368.0 2736.0 124.60165
3 1351.0 2773.0 259.17734
3 1232.0 2463.0 120.94197
3 1259.0 2481.0 149.05093
3 1291.0 2464.0 277.37747
3 1288.0 2500.0 214.26086
3 1289.0 2540.0 274.8632
3 1287.0 2581.0 258.6534
3 1290.0 2619.0 250.3391
3 1289.0 2659.0 227.08022
3 1290.0 2699.0 288.02396
3 1291.0 2737.0 72.89165
3 1321.0 2863.0 75.64545
3 1235.0 2891.0 184.66414
3 1272.0 2909.0 101.86461
3 1320.0 2940.0 136.86327
3 1293.0 2985.0 164.64516
3 1295.0 3028.0 112.16738
3 1292.0 3066.0 77.618095
3 1296.0 3106.0 223.08978
3 1266.0 3124.0 269.7024
3 1295.0 3142.0 203.82458
3 1331.0 3140.0 133.22687
3 1362.0 3084.0 140.13678
3 1293.0 3179.0 142.16374
3 1295.0 3219.0 189.60497
3 1294.0 3255.0 203.19159
3 1345.0 3337.0 74.34118
3 1297.0 3335.0 80.26237
2 1248.0 3396.0 104.93853
3 1210.0 2062.0 204.0151
1 1167.0 1939.0 223.07054
1 1169.0 1984.0 290.36536
3 1171.0 2022.0 139.8689
3 1171.0 2060.0 191.26479
3 1171.0 2098.0 130.67435
3 1172.0 2138.0 162.0794
3 1170.0 2176.0 120.47181
3 1172.0 2217.0 185.1353
3 1174.0 2339.0 178.52121
1 1132.0 1991.0 262.33905
1 1104.0 1994.0 199.3634
3 1150.0 2291.0 219.75381
3 1116.0 2313.0 68.25037
3 1118.0 2345.0 285.71182
3 1105.0 2274.0 143.60597
3 1104.0 2235.0 217.32855
1 1064.0 1938.0 192.60031
1 1025.0 1935.0 157.76309
1 986.0 1934.0 87.304146
1 947.0 1934.0 141.6011
1 911.0 1936.0 230.91182
1 1005.0 1975.0 255.43369
3 1062.0 2089.0 122.667816
1 1026.0 2089.0 185.92241
1 988.0 2090.0 256.63666
1 948.0 2089.0 122.99189
1 913.0 2085.0 277.3036
3 1063.0 2236.0 179.63162
3 1028.0 2236.0 141.91824
2 992.0 2238.0 164.2315
2 947.0 2237.0 186.97984
2 911.0 2232.0 72.27633
3 1065.0 2272.0 289.5442
3 1029.0 2274.0 61.196606
2 992.0 2275.0 162.09589
2 952.0 2279.0 158.57214
2 918.0 2276.0 235.30565
3 1045.0 2380.0 226.82317
2 941.0 2343.0 122.56908
1 820.0 1846.0 237.85905
1 819.0 1985.0 244.03249
1 819.0 2021.0 203.49696
1 820.0 2058.0 199.83905
1 820.0 2095.0 200.17105
2 821.0 2134.0 110.30749
2 823.0 2179.0 251.63693
2 822.0 2214.0 276.17184
2 781.0 2197.0 276.89536
1 733.0 2017.0 250.09766
1 705.0 1933.0 232.02179
1 706.0 1985.0 70.43168
1 703.0 2020.0 107.35637
1 705.0 2060.0 112.27467
1 705.0 2097.0 72.68797
2 708.0 2224.0 265.97192
2 708.0 2182.0 173.51958
2 708.0 2217.0 189.2309
1 593.0 1987.0 225.83572
1 592.0 2019.0 290.28186
1 589.0 2058.0 243.3692
1 591.0 2099.0 143.53218
2 591.0 2142.0 162.28966
2 591.0 2177.0 97.509544
2 593.0 2217.0 119.373505
1 516.0 2045.0 72.782364
1 504.0 2103.0 280.6697
1 475.0 1984.0 153.96577
1 473.0 2026.0 291.81042
1 473.0 2063.0 227.60956
1 475.0 2103.0 265.5375
2 474.0 2141.0 183.19885
2 475.0 2179.0 207.58612
2 475.0 2219.0 257.91785
1 446.0 2066.0 273.39267
2 416.0 2181.0 291.2133
1 357.0 1985.0 263.53784
1 357.0 2025.0 210.28311
1 360.0 2066.0 197.50302
1 359.0 2104.0 183.89124
2 360.0 2141.0 79.07259
2 358.0 2180.0 114.60569
2 359.0 2222.0 102.161835
1 242.0 1987.0 187.65843
1 242.0 2028.0 256.3515
1 241.0 2064.0 120.86694
1 245.0 2105.0 284.07492
2 244.0 2146.0 250.92213
2 241.0 2182.0 97.09026
2 243.0 2220.0 297.07147
3 1171.0 2418.0 73.189354
3 1170.0 2466.0 277.7918
3 1172.0 2505.0 93.4045
3 1171.0 2544.0 137.19063
3 1173.0 2583.0 187.38545
3 1171.0 2620.0 147.07855
3 1172.0 2661.0 165.98878
3 1176.0 2719.0 153.15796
3 1172.0 2738.0 205.06259
3 1175.0 2787.0 278.5528
3 1173.0 2862.0 266.27707
3 1177.0 2943.0 117.700905
3 1177.0 2990.0 196.75908
2 1177.0 3025.0 184.92519
2 1178.0 3068.0 290.09225
2 1178.0 3105.0 105.027954
2 1177.0 3143.0 161.55563
2 1179.0 3186.0 131.99881
2 1178.0 3223.0 148.651
2 1178.0 3264.0 164.12483
3 1145.0 2679.0 246.12119
3 1113.0 2467.0 60.926334
3 1114.0 2503.0 68.65054
3 1113.0 2539.0 174.64716
3 1114.0 2600.0 143.86954
3 1116.0 2640.0 145.48926
3 1114.0 2680.0 66.52231
3 1117.0 2730.0 138.13205
2 1112.0 2766.0 138.80418
2 1118.0 2806.0 123.801216
2 1117.0 2863.0 142.79764
2 1087.0 2698.0 287.48505
2 1099.0 3027.0 253.23868
2 1101.0 3064.0 97.82163
2 1102.0 3104.0 190.88951
3 1057.0 2466.0 195.43344
2 1057.0 2505.0 200.6886
2 1057.0 2545.0 75.5502
2 1057.0 2583.0 270.45413
2 1056.0 2626.0 127.87098
2 1059.0 2660.0 214.84102
2 1059.0 2697.0 259.7573
2 1061.0 2737.0 78.854866
2 1060.0 2865.0 140.75401
2 1059.0 2988.0 202.61668
2 1062.0 3032.0 243.58948
2 1061.0 3068.0 285.1116
2 1062.0 3107.0 219.44292
2 1062.0 3144.0 213.94931
2 1063.0 3182.0 137.37424
2 1062.0 3225.0 109.076256
2 1066.0 3261.0 267.11707
2 1064.0 3339.0 213.01588
2 1019.0 2448.0 62.431484
2 982.0 2528.0 174.43646
2 972.0 2700.0 204.12662
2 1002.0 2786.0 295.2613
2 974.0 3051.0 166.6848
2 1005.0 3130.0 117.507195
2 941.0 2418.0 162.8776
2 939.0 2464.0 141.66986
2 942.0 2505.0 223.34897
2 942.0 2546.0 134.6305
2 943.0 2586.0 193.08252
2 943.0 2621.0 156.34587
2 942.0 2662.0 127.95522
2 942.0 2701.0 199.3624
2 943.0 2741.0 189.94202
2 945.0 2860.0 75.57438
2 946.0 2940.0 130.45969
2 946.0 2989.0 76.48571
2 945.0 3030.0 83.05785
2 948.0 3068.0 266.14316
2 947.0 3108.0 108.16503
2 948.0 3148.0 63.24639
2 948.0 3182.0 76.612144
2 948.0 3222.0 207.81577
2 950.0 3261.0 121.669716
2 914.0 2768.0 279.07117
2 938.0 2910.0 191.58163
2 931.0 3299.0 259.4556
2 910.0 3334.0 60.04352
2 912.0 3441.0 103.38277
2 880.0 2903.0 168.49052
2 891.0 3066.0 180.40927
2 869.0 3009.0 212.91252
2 842.0 2808.0 146.98906
2 821.0 2341.0 144.43977
2 618.0 2295.0 218.36803
2 628.0 2381.0 66.12088
2 821.0 2415.0 215.8815
2 783.0 2417.0 140.88477
2 743.0 2420.0 122.03482
2 708.0 2422.0 144.12148
2 668.0 2421.0 247.1376
2 823.0 2571.0 208.86816
2 784.0 2573.0 191.53362
2 747.0 2574.0 116.23146
2 707.0 2578.0 124.98184
2 669.0 2575.0 116.14862
2 630.0 2626.0 201.6079
2 824.0 2641.0 285.37335
2 783.0 2642.0 140.91832
2 747.0 2644.0 205.90088
2 707.0 2644.0 82.263756
2 670.0 2646.0 186.90674
2 823.0 2682.0 245.20834
2 786.0 2681.0 69.396774
2 748.0 2680.0 138.62273
2 707.0 2681.0 141.63998
2 671.0 2683.0 187.82513
2 727.0 2712.0 75.31118
2 755.0 2711.0 176.35915
2 788.0 2728.0 271.09537
2 766.0 2759.0 245.37738
2 591.0 2347.0 186.03142
2 592.0 2423.0 171.20552
2 592.0 2473.0 134.58615
2 593.0 2509.0 196.35278
2 593.0 2549.0 226.58284
2 594.0 2588.0 240.61952
2 596.0 2624.0 66.64788
2 595.0 2667.0 220.39188
2 598.0 2705.0 94.51772
2 554.0 2585.0 242.8151
2 537.0 2743.0 159.85062
2 477.0 2346.0 98.16213
2 478.0 2423.0 109.3492
2 478.0 2475.0 222.96959
2 479.0 2512.0 252.00365
2 478.0 2550.0 76.76147
2 480.0 2590.0 237.84586
2 481.0 2628.0 228.52855
2 480.0 2670.0 238.2481
2 481.0 2710.0 201.43971
2 440.0 2472.0 216.73755
2 440.0 2630.0 125.138695
2 441.0 2706.0 137.5173
2 399.0 2471.0 237.78595
2 400.0 2628.0 67.11702
2 404.0 2712.0 241.84933
2 399.0 2319.0 239.32971
2 358.0 2346.0 79.38921
2 363.0 2471.0 75.05621
2 362.0 2512.0 278.83176
2 362.0 2550.0 220.86249
2 361.0 2589.0 114.33908
2 364.0 2629.0 280.69104
2 363.0 2668.0 122.97532
2 363.0 2706.0 275.73935
2 273.0 2590.0 249.79225
2 307.0 2631.0 193.26193
2 279.0 2768.0 196.3288
2 245.0 2348.0 234.9501
2 246.0 2425.0 207.19069
2 246.0 2473.0 72.3329
2 245.0 2518.0 149.46426
2 246.0 2552.0 66.80328
2 247.0 2675.0 61.575966
2 247.0 2627.0 165.64505
2 248.0 2668.0 226.4508
2 247.0 2705.0 136.79884
2 247.0 2738.0 86.80419
2 277.0 2761.0 91.79597
2 230.0 2795.0 270.23434
2 805.0 2823.0 189.79079
2 748.0 2836.0 144.32495
2 709.0 2863.0 61.169964
2 826.0 2985.0 226.82924
2 827.0 3025.0 265.79526
2 826.0 3151.0 156.5473
2 828.0 3104.0 281.27902
2 829.0 3143.0 263.83707
2 829.0 2700.0 277.28317
2 829.0 3217.0 76.675095
2 711.0 2942.0 292.9083
2 712.0 2987.0 83.41671
2 715.0 3031.0 79.781105
2 710.0 3069.0 285.25333
2 712.0 3106.0 291.19495
2 713.0 3148.0 161.94011
2 715.0 3185.0 79.08873
2 714.0 3218.0 229.52663
2 714.0 3257.0 261.00244
2 672.0 2993.0 248.17645
2 647.0 3015.0 217.40512
2 685.0 3052.0 215.0704
2 273.0 3149.0 158.68845
2 771.0 3277.0 98.9578
2 831.0 3414.0 247.1409
2 760.0 3376.0 240.01414
2 663.0 3343.0 202.59677
2 664.0 3452.0 285.888
2 596.0 2865.0 215.17723
2 627.0 3088.0 230.53659
2 629.0 3242.0 192.34024
2 594.0 2990.0 248.7663
2 597.0 3028.0 241.8176
2 595.0 3069.0 72.17085
2 599.0 3106.0 182.17416
2 598.0 3147.0 201.00648
2 598.0 3185.0 107.66213
2 598.0 3225.0 154.8178
2 599.0 3340.0 266.49527
2 509.0 3034.0 129.44147
2 561.0 3070.0 178.11877
2 561.0 3166.0 80.22473
2 541.0 3194.0 295.73532
2 521.0 3245.0 255.51324
2 571.0 3296.0 279.25027
2 599.0 3341.0 79.04638
2 558.0 3379.0 228.6525
2 532.0 3369.0 216.95657
2 485.0 3418.0 290.13986
2 522.0 3445.0 150.46394
2 345.0 2917.0 222.25845
2 403.0 2865.0 88.69513
2 443.0 2898.0 235.94324
2 460.0 2837.0 290.69788
2 489.0 2867.0 63.353596
2 493.0 2946.0 228.77748
2 440.0 2944.0 152.2787
2 479.0 2992.0 217.60919
2 481.0 3031.0 155.87642
2 481.0 3072.0 169.78995
2 483.0 3109.0 145.59154
2 479.0 3151.0 86.9433
2 481.0 3185.0 196.00839
2 484.0 3223.0 258.29282
2 485.0 3259.0 95.6134
2 470.0 3344.0 191.63031
2 443.0 3050.0 172.20952
2 443.0 3091.0 274.43564
2 454.0 3174.0 175.02176
2 445.0 3247.0 258.91443
2 402.0 3021.0 220.09409
2 402.0 3071.0 201.01663
2 402.0 3153.0 117.88842
2 403.0 3226.0 270.9448
2 342.0 2911.0 182.29086
2 365.0 2992.0 295.86084
2 364.0 3033.0 152.49118
2 365.0 3070.0 172.81982
2 365.0 3111.0 151.16609
2 365.0 3000.0 173.50093
2 366.0 3187.0 285.5467
2 365.0 3229.0 277.93552
2 367.0 3265.0 287.522
2 367.0 3342.0 121.753815
2 368.0 3381.0 223.90674
2 311.0 3185.0 113.84886
2 246.0 2869.0 211.11801
2 248.0 2944.0 125.89573
2 247.0 2994.0 206.24516
2 247.0 3041.0 72.72549
2 250.0 3074.0 209.09639
2 252.0 3109.0 167.74791
2 253.0 3153.0 111.24635
2 251.0 3191.0 178.80135
2 250.0 3229.0 246.12791
2 253.0 3270.0 269.09406
2 213.0 3273.0 250.2911
2 221.0 3313.0 281.14667
2 263.0 3346.0 125.32815
2 253.0 3386.0 138.46057
2 215.0 3385.0 161.61978
