52
0 6203.45 1473.55 93.189896
1 7400.73 4030.4 170.69124
2 4779.82 2819.45 92.79091
3 1571.36 1592.55 230.05708
0 6734.0 1453.0 98.671074
3 2233.0 10.0 208.7859
0 5530.0 1424.0 270.3019
3 401.0 841.0 221.1782
3 3082.0 1644.0 148.1794
1 7608.0 4458.0 293.8776
1 7573.0 3716.0 234.74799
0 7265.0 1268.0 299.7333
0 6898.0 1885.0 95.52358
3 1112.0 2049.0 204.38863
2 5468.0 2606.0 277.59686
2 5989.0 2873.0 294.1696
2 4706.0 2674.0 195.55595
2 4612.0 2035.0 238.71455
0 6347.0 2683.0 124.45769
0 6107.0 669.0 181.15895
1 7611.0 5184.0 109.786095
1 7462.0 3590.0 220.92906
1 7732.0 4723.0 223.09627
2 5900.0 3561.0 91.41406
2 4483.0 3369.0 290.74008
0 6101.0 1110.0 182.83585
2 5199.0 2182.0 256.93774
3 1633.0 2809.0 159.1304
2 4307.0 2322.0 150.48239
3 675.0 1006.0 279.95328
1 7555.0 4819.0 169.27866
1 7541.0 3981.0 212.13254
3 3177.0 756.0 105.20245
1 7352.0 4506.0 99.876755
1 7545.0 2801.0 193.66498
2 3245.0 3305.0 254.41129
1 6426.0 3173.0 221.75232
0 4608.0 1198.0 249.82256
3 23.0 2216.0 263.62708
1 7248.0 3779.0 294.84818
1 7762.0 4595.0 293.5056
0 7392.0 2244.0 206.01726
2 3484.0 2829.0 120.196976
0 6271.0 2135.0 245.53317
0 4985.0 140.0 101.89315
3 1916.0 1569.0 190.95526
1 7280.0 4899.0 168.36736
1 7509.0 3239.0 150.19057
3 10.0 2676.0 296.45435
1 6807.0 2993.0 195.407
2 5185.0 3258.0 133.88658
3 3023.0 1942.0 67.83762
