att48uniform NSGA2 40 Greedy variation2 5 charge
11760.449  1146.7833
12124.024  1058.267
12256.863  1038.3247
11851.425  1074.1078
11831.28  1132.7766
11679.908  1353.3684
12195.783  1056.8925
11731.584  1175.7533
11616.912  1468.8896
11686.771  1302.4305
12124.024  1058.267
11729.007  1256.7657
12023.081  1065.0298
11772.557  1141.4695
11849.723  1127.9258
11711.42  1265.1077
11732.86  1168.5199
13122.051  1022.29346


att48uniform NSGA2 40 Greedy variation2 5 charge2
11909.242  1051.7948
12109.513  966.4059
12200.136  947.3646
11790.894  1053.7915
11766.314  1103.2078
12126.515  951.61676
11667.73  1149.6395
11966.367  968.99493
12051.811  967.5165


att48uniform NSGA2 40 Greedy variation2 5 charge
11762.679  1100.6279
11897.525  1059.777
12078.807  1018.306
11622.36  1196.7902
11730.527  1137.7043
11619.576  1234.4456
12050.263  1031.142
11676.538  1174.4586
11600.03  1278.6471
11974.696  1045.7247
12168.938  1018.27423
11611.061  1257.1648


att48uniform NSGA2 40 Greedy variation2 5 charge2
11787.421  1169.4019
11860.706  1114.036
11991.934  1029.4617
12087.443  1021.51337
11837.945  1116.3468
11867.204  1048.824
11808.398  1120.8506
11719.803  1171.8168
11711.457  1372.0002


att48uniform NSGA2 40 Greedy variation2 5 charge
11678.812  1151.0319
11728.656  1083.0767
11893.287  972.09216
11764.003  989.93164
11758.52  990.8236
11756.613  1022.1997
11658.616  1212.2339
11811.389  974.3659
12065.0625  960.42035
11651.54  1221.5544
12032.759  964.1699
11641.995  1291.0052
11749.347  1078.6132
11750.912  1052.4312
11701.259  1098.491


att48uniform NSGA2 40 Greedy variation2 5 charge2
11686.195  1294.1611
11955.852  1063.4895
11721.18  1137.877
11728.972  1078.802
11721.212  1129.0535
12246.509  984.0942
11713.872  1245.3318
12104.385  1002.3659
12448.275  980.15204
12446.777  982.31616


att48uniform NSGA2 40 Greedy variation2 5 charge
11734.846  1196.6082
11667.334  1269.3923
11899.128  1164.3477
11841.394  1174.0211
11818.652  1174.1752
11937.335  1034.0607
11652.479  1480.0349
11796.331  1180.1841
11953.708  1002.93066
11845.326  1170.3093
12076.985  998.0895
12822.033  991.6867


att48uniform NSGA2 40 Greedy variation2 5 charge2
11707.41  1305.011
11710.212  1155.6157
11834.218  1067.6378
11694.464  1311.8574
11799.816  1092.956
11927.909  1009.7142
11839.338  1044.1034
11924.336  1022.4331
11732.207  1132.0723


att48uniform NSGA2 40 Greedy variation2 5 charge
11704.08  1106.5697
11712.284  1086.4403
11608.541  1250.155
11715.777  1060.3071
12046.797  911.3331
12132.7705  888.0338
11916.363  1008.7201
11665.271  1249.6448
12096.442  888.70715
12031.657  926.3087
12004.06  984.8435
11721.135  1054.6707


att48uniform NSGA2 40 Greedy variation2 5 charge2
11747.495  1317.6581
11961.937  1004.16656
11925.324  1012.7968
12043.24  932.6681
11769.229  1064.4369


att48uniform NSGA2 40 Greedy variation2 5 charge
11756.688  1066.5089
11682.54  1112.7001
11727.58  1073.8392
11974.105  1009.6391
12226.241  942.64496
11992.825  961.76044
12323.333  934.4896


att48uniform NSGA2 40 Greedy variation2 5 charge2
11828.72  1061.6388
11840.033  1058.9017
11715.626  1074.4296
11642.336  1286.5436
11686.789  1280.1644
11739.09  1061.9552
11709.045  1089.7285
11600.217  1341.403
11715.626  1074.4296
11624.3955  1340.1268
11688.738  1097.5889
11946.649  1043.2227
12139.443  997.9714
11970.028  1015.3305


att48uniform NSGA2 40 Greedy variation2 5 charge
11674.365  1466.5063
11979.342  958.54944
11703.578  1148.2019
11925.834  1025.2001
11700.674  1225.642
11888.03  1108.0465
11998.666  958.5398
12108.453  956.21
11810.479  1123.505
11690.021  1269.207
11937.386  1007.3959
11682.055  1290.9056
12162.71  952.40155
12163.515  934.2057


att48uniform NSGA2 40 Greedy variation2 5 charge2
11727.518  1240.5315
12011.918  923.24536
11822.899  955.89886
11969.183  952.6447
11768.99  997.04694
11752.557  1199.5526
12075.049  913.95544


att48uniform NSGA2 40 Greedy variation2 5 charge
11858.991  950.99524
11801.151  1049.9624
11748.367  1118.127
12460.196  930.92847
11693.737  1259.8506
12531.736  929.63513
11678.309  1386.2416
11975.385  942.8254
11689.678  1310.7017
11789.611  1065.0272
11840.241  981.82513
11856.98  965.7063
11695.927  1161.67
11839.499  1041.8044


att48uniform NSGA2 40 Greedy variation2 5 charge2
11831.812  1060.4834
11796.501  1073.6487
12142.344  1036.4071
11705.609  1209.5012
11829.347  1069.2346
11782.8545  1171.266
11631.16  1522.2828
11673.597  1393.7476
11673.958  1211.2427
12186.191  1031.2571


att48uniform NSGA2 40 Greedy variation2 5 charge
11629.395  1383.9705
11739.069  1054.9758
11747.511  998.35944
12041.767  992.8374
11652.733  1071.2666


att48uniform NSGA2 40 Greedy variation2 5 charge2
12132.528  975.8638
11696.474  1403.5255
11775.509  1066.4231
12009.876  998.98254
11837.024  1046.5018
11707.731  1237.3563
11858.419  1016.9224
11773.999  1118.8058
11879.612  999.4344


att48uniform NSGA2 40 Greedy variation2 5 charge
11720.624  1116.3235
11627.847  1256.8817
11671.088  1233.8286
11666.428  1245.3995
11686.002  1173.1045
11728.761  1009.7456
11618.7  1334.0172
11737.58  998.9826
12343.892  949.1334
12142.212  958.14575
11787.793  998.75006
11800.658  991.9401
12058.854  979.7622
11946.734  990.52246
11839.096  991.72577
11722.221  1031.0173


att48uniform NSGA2 40 Greedy variation2 5 charge2
11520.535  1174.7632
11745.983  1141.731
11565.503  1163.9402
11828.606  1021.333
11939.386  974.8914
11653.297  1159.0917
11854.677  1008.4237
11856.893  988.67664


