 he number of total
585
the number of charge station
53
==================Centers-I====================
1  1204.78  606.22
2  1805.17  2534.83
3  4409.00  2135.60
4  7676.00  4763.79
5  7360.09  3800.09
6  7927.33  3545.00
7  481.25  1456.25
8  6060.30  1271.60
9  4485.56  3305.89
10  5400.75  700.25
11  2258.33  709.67
12  7218.11  4521.11
13  5487.88  3724.42
14  7245.57  5184.43
15  6688.75  1629.38
16  915.00  942.00
17  6759.17  4269.92
18  5823.94  3109.75
19  6472.92  3132.38
20  7168.14  2439.86
21  7567.00  3484.18
22  7307.00  3286.79
23  246.21  3129.79
24  7545.88  4218.18
25  7825.30  3885.70
26  7370.00  2850.67
27  6337.14  3766.57
28  8160.83  1704.17
29  5826.00  1842.00
30  3769.44  1033.44
31  4445.42  4081.42
32  5373.33  4447.83
33  3151.00  2373.10
34  7533.75  2092.12
35  6720.83  3787.92
36  7804.00  5881.00
37  6054.67  3506.22
38  5396.80  2953.80
39  1775.67  1221.67
40  7117.62  1781.50
41  7806.89  3187.44
42  1160.67  3391.67
43  6739.83  2679.00
44  4922.50  1242.00
45  1477.14  560.43
46  4746.83  2746.33
47  6592.75  2169.00
48  2996.20  3756.00
49  5125.43  2268.71
50  6010.56  4161.67
51  6388.64  4143.27
52  7820.29  5312.64
53  7207.89  4152.56
==================Centers-I====================
36  7810.00  6053.00
36  7798.00  5709.00
14  7264.00  5575.00
14  7324.00  5560.00
52  7547.00  5503.00
52  7744.00  5476.00
52  7821.00  5457.00
52  7883.00  5408.00
52  7874.00  5405.00
52  7927.00  5365.00
52  7848.00  5358.00
52  7802.00  5317.00
52  7962.00  5287.00
52  7913.00  5280.00
52  7724.00  5210.00
14  7503.00  5191.00
52  7759.00  5143.00
52  7890.00  5130.00
14  7254.00  5129.00
52  7790.00  5038.00
14  7142.00  5032.00
4  7606.00  5009.00
4  7772.00  4989.00
4  7744.00  4933.00
4  7846.00  4923.00
4  7622.00  4917.00
14  6937.00  4917.00
4  7576.00  4915.00
4  7783.00  4912.00
4  7716.00  4909.00
14  7295.00  4887.00
4  7777.00  4869.00
4  7700.00  4854.00
4  7726.00  4833.00
4  7702.00  4815.00
4  7583.00  4813.00
4  7654.00  4795.00
4  7417.00  4788.00
12  7267.00  4779.00
12  6806.00  4755.00
32  5259.00  4751.00
4  7698.00  4745.00
4  7570.00  4741.00
4  7617.00  4724.00
4  7752.00  4721.00
4  7673.00  4718.00
4  7692.00  4666.00
4  7547.00  4664.00
12  7259.00  4630.00
32  5387.00  4623.00
4  7679.00  4581.00
4  7674.00  4579.00
4  7631.00  4573.00
4  7520.00  4572.00
4  7848.00  4546.00
32  5685.00  4546.00
4  7832.00  4542.00
17  6735.00  4509.00
4  7647.00  4504.00
12  7338.00  4481.00
31  4602.00  4478.00
31  4606.00  4468.00
12  7399.00  4467.00
12  7037.00  4446.00
24  7458.00  4428.00
12  7364.00  4427.00
50  6058.00  4426.00
17  6868.00  4418.00
31  3832.00  4410.00
17  6670.00  4401.00
24  7443.00  4375.00
12  7160.00  4370.00
50  6139.00  4369.00
12  7333.00  4335.00
51  6237.00  4332.00
32  5385.00  4318.00
17  6911.00  4296.00
51  6304.00  4294.00
53  7111.00  4288.00
17  6740.00  4282.00
24  7698.00  4279.00
24  7613.00  4275.00
24  7360.00  4275.00
17  6779.00  4273.00
53  7207.00  4270.00
51  6241.00  4268.00
24  7432.00  4265.00
31  4354.00  4262.00
17  6589.00  4256.00
24  7817.00  4252.00
50  6051.00  4246.00
32  5356.00  4241.00
24  7554.00  4236.00
24  7534.00  4227.00
31  4217.00  4224.00
53  7349.00  4219.00
53  7128.00  4215.00
31  3950.00  4215.00
17  6947.00  4209.00
24  7549.00  4208.00
32  5168.00  4208.00
51  6524.00  4207.00
50  5871.00  4202.00
24  7542.00  4198.00
17  6660.00  4193.00
53  7216.00  4180.00
17  6607.00  4173.00
24  7601.00  4171.00
50  6123.00  4167.00
51  6450.00  4160.00
17  6713.00  4154.00
53  7355.00  4151.00
24  7604.00  4146.00
24  7541.00  4141.00
24  7506.00  4138.00
31  4871.00  4132.00
48  2906.00  4131.00
51  6488.00  4128.00
51  6312.00  4126.00
50  6008.00  4117.00
31  4427.00  4109.00
31  4679.00  4084.00
50  5955.00  4081.00
17  6891.00  4075.00
25  7705.00  4065.00
24  7562.00  4058.00
31  4634.00  4054.00
31  4607.00  4049.00
51  6557.00  4047.00
53  7344.00  4046.00
13  5543.00  4042.00
53  7124.00  4039.00
24  7466.00  4037.00
51  6259.00  4030.00
51  6366.00  4002.00
13  5597.00  3993.00
31  4655.00  3992.00
25  7805.00  3991.00
48  3396.00  3990.00
35  6603.00  3982.00
51  6537.00  3982.00
31  4342.00  3966.00
53  7037.00  3965.00
5  7345.00  3951.00
5  7271.00  3948.00
13  5336.00  3943.00
50  5964.00  3935.00
25  7660.00  3924.00
25  7872.00  3922.00
35  6567.00  3922.00
35  6602.00  3920.00
31  4806.00  3914.00
25  7909.00  3912.00
50  5926.00  3912.00
5  7449.00  3911.00
27  6333.00  3909.00
48  3108.00  3908.00
25  7844.00  3902.00
13  5427.00  3894.00
35  6862.00  3892.00
35  6621.00  3891.00
27  6150.00  3888.00
5  7388.00  3879.00
5  7351.00  3877.00
31  4694.00  3877.00
27  6340.00  3870.00
27  6425.00  3867.00
35  6577.00  3858.00
35  6864.00  3854.00
13  5706.00  3844.00
31  4496.00  3844.00
31  4574.00  3843.00
31  3824.00  3838.00
13  5803.00  3824.00
13  5720.00  3823.00
27  6454.00  3821.00
27  6120.00  3821.00
25  7988.00  3820.00
27  6376.00  3819.00
25  7841.00  3818.00
13  5778.00  3813.00
13  5457.00  3808.00
13  5671.00  3807.00
31  4293.00  3788.00
5  7423.00  3776.00
5  7342.00  3775.00
13  5541.00  3769.00
13  5621.00  3768.00
25  7750.00  3760.00
27  6327.00  3745.00
25  7879.00  3743.00
23  199.00  3743.00
35  6652.00  3742.00
13  5678.00  3742.00
13  5207.00  3742.00
5  7429.00  3737.00
5  7262.00  3725.00
27  6427.00  3717.00
42  1851.00  3710.00
27  6207.00  3700.00
37  6069.00  3695.00
9  4780.00  3694.00
21  7603.00  3690.00
13  5751.00  3681.00
27  6365.00  3679.00
35  6958.00  3678.00
27  6317.00  3673.00
13  5417.00  3673.00
27  6426.00  3656.00
6  7922.00  3655.00
5  7331.00  3634.00
37  5965.00  3624.00
13  4965.00  3622.00
35  6833.00  3618.00
35  6798.00  3610.00
21  7667.00  3608.00
42  1047.00  3602.00
6  7803.00  3598.00
5  7370.00  3588.00
42  952.00  3583.00
6  7906.00  3580.00
23  250.00  3578.00
13  5111.00  3569.00
27  6453.00  3567.00
21  7492.00  3560.00
37  6140.00  3558.00
13  5315.00  3557.00
13  5316.00  3554.00
9  4232.00  3551.00
21  7408.00  3534.00
6  8013.00  3523.00
13  5160.00  3517.00
22  7141.00  3514.00
37  5887.00  3508.00
9  4694.00  3502.00
21  7633.00  3499.00
6  7919.00  3496.00
42  1784.00  3494.00
42  1482.00  3494.00
23  236.00  3494.00
35  6713.00  3488.00
21  7696.00  3486.00
23  536.00  3481.00
23  317.00  3476.00
13  5649.00  3472.00
37  6235.00  3471.00
22  7199.00  3469.00
13  5540.00  3468.00
13  5400.00  3461.00
37  5796.00  3459.00
48  2342.00  3439.00
21  7494.00  3430.00
22  7321.00  3429.00
37  6265.00  3426.00
6  8001.00  3418.00
23  226.00  3415.00
37  6148.00  3413.00
37  5987.00  3402.00
21  7582.00  3396.00
22  7422.00  3390.00
19  6623.00  3389.00
21  7475.00  3388.00
21  7654.00  3377.00
41  7838.00  3375.00
19  6570.00  3371.00
9  4364.00  3362.00
22  7316.00  3360.00
9  4857.00  3359.00
21  7533.00  3358.00
18  5719.00  3352.00
22  7452.00  3339.00
41  7747.00  3329.00
18  5841.00  3328.00
48  3229.00  3312.00
22  7076.00  3302.00
41  7657.00  3301.00
19  6360.00  3301.00
23  525.00  3297.00
18  5619.00  3291.00
41  7989.00  3271.00
18  5697.00  3269.00
18  6050.00  3242.00
22  7082.00  3235.00
18  5539.00  3235.00
42  741.00  3235.00
19  6731.00  3234.00
22  7453.00  3229.00
41  7695.00  3220.00
22  7299.00  3219.00
42  863.00  3219.00
41  7861.00  3216.00
18  5960.00  3207.00
9  4252.00  3206.00
19  6402.00  3190.00
38  5342.00  3188.00
19  6656.00  3181.00
22  7532.00  3175.00
22  7434.00  3173.00
18  5679.00  3171.00
19  6518.00  3165.00
9  4537.00  3143.00
42  806.00  3123.00
18  6113.00  3101.00
22  7440.00  3100.00
19  6204.00  3099.00
41  7715.00  3086.00
26  7503.00  3086.00
18  5821.00  3086.00
22  7131.00  3081.00
41  7909.00  3080.00
42  920.00  3065.00
19  6468.00  3050.00
18  5677.00  3049.00
23  218.00  3031.00
43  6881.00  3029.00
18  5650.00  3023.00
23  197.00  3021.00
38  5531.00  3011.00
19  6387.00  3008.00
9  4458.00  3007.00
19  6190.00  2985.00
26  7055.00  2981.00
26  7238.00  2957.00
18  5930.00  2948.00
26  7543.00  2929.00
38  5291.00  2929.00
9  4196.00  2929.00
19  6617.00  2928.00
46  4831.00  2917.00
33  2835.00  2912.00
23  174.00  2901.00
38  5350.00  2867.00
26  7346.00  2858.00
18  6044.00  2848.00
46  4898.00  2840.00
33  3307.00  2833.00
2  1918.00  2832.00
26  7125.00  2823.00
19  6422.00  2820.00
18  5881.00  2817.00
23  141.00  2814.00
41  7851.00  2809.00
46  4929.00  2803.00
18  5963.00  2789.00
38  5470.00  2774.00
26  7458.00  2741.00
2  1263.00  2734.00
43  6766.00  2732.00
46  4763.00  2720.00
33  3461.00  2718.00
26  7309.00  2717.00
43  6848.00  2712.00
23  178.00  2702.00
2  1882.00  2684.00
46  4584.00  2643.00
33  3174.00  2627.00
20  7049.00  2570.00
26  7753.00  2564.00
43  6597.00  2563.00
46  4476.00  2555.00
2  1575.00  2555.00
20  7304.00  2550.00
23  10.00  2537.00
43  6800.00  2532.00
49  5296.00  2520.00
20  7104.00  2510.00
43  6547.00  2506.00
20  7267.00  2466.00
33  3189.00  2411.00
49  5117.00  2409.00
49  4973.00  2406.00
3  4488.00  2378.00
20  7351.00  2376.00
29  6007.00  2359.00
3  4612.00  2341.00
20  7015.00  2333.00
33  3233.00  2329.00
23  240.00  2327.00
47  6686.00  2312.00
47  6307.00  2295.00
34  7448.00  2291.00
20  7087.00  2274.00
2  2067.00  2254.00
49  5260.00  2230.00
3  4174.00  2190.00
7  36.00  2185.00
34  7856.00  2181.00
34  7315.00  2181.00
33  3319.00  2151.00
2  2126.00  2150.00
34  7418.00  2139.00
47  6885.00  2138.00
49  4959.00  2123.00
49  4996.00  2115.00
29  5681.00  2109.00
49  5277.00  2078.00
34  7643.00  2048.00
33  3390.00  2043.00
28  8080.00  2039.00
29  6139.00  2032.00
33  2694.00  2026.00
40  7152.00  2000.00
34  7822.00  1992.00
34  7416.00  1953.00
34  7352.00  1952.00
7  354.00  1950.00
47  6493.00  1931.00
28  7905.00  1921.00
28  8229.00  1905.00
15  6803.00  1886.00
3  4012.00  1886.00
3  4759.00  1883.00
28  8101.00  1876.00
28  7989.00  1876.00
28  8063.00  1860.00
28  8080.00  1835.00
40  7004.00  1805.00
29  6252.00  1795.00
15  6826.00  1774.00
40  7218.00  1773.00
7  464.00  1773.00
7  809.00  1766.00
40  7240.00  1762.00
40  7046.00  1757.00
28  8098.00  1746.00
40  7314.00  1739.00
40  7035.00  1733.00
29  5506.00  1719.00
28  8184.00  1685.00
40  6932.00  1683.00
29  5914.00  1682.00
33  2908.00  1681.00
15  6496.00  1678.00
28  8525.00  1664.00
15  6765.00  1663.00
28  7985.00  1657.00
15  6854.00  1640.00
28  7926.00  1627.00
28  7973.00  1606.00
44  5060.00  1577.00
30  4056.00  1564.00
29  5637.00  1558.00
39  2011.00  1558.00
28  8038.00  1535.00
15  6651.00  1534.00
7  552.00  1526.00
15  6621.00  1513.00
28  8594.00  1510.00
44  4719.00  1504.00
29  5472.00  1482.00
28  8605.00  1479.00
7  345.00  1476.00
28  8228.00  1471.00
44  5005.00  1458.00
44  5114.00  1430.00
8  5964.00  1421.00
7  602.00  1395.00
44  5098.00  1394.00
44  5068.00  1390.00
28  8292.00  1383.00
8  6258.00  1354.00
44  5010.00  1351.00
15  6494.00  1347.00
7  437.00  1344.00
7  413.00  1338.00
7  659.00  1331.00
8  5840.00  1325.00
8  6378.00  1314.00
8  6379.00  1302.00
8  6359.00  1298.00
30  3245.00  1281.00
7  450.00  1274.00
7  478.00  1256.00
8  5571.00  1255.00
7  489.00  1254.00
7  513.00  1247.00
8  6136.00  1243.00
30  4170.00  1232.00
39  1721.00  1165.00
16  893.00  1161.00
8  5930.00  1151.00
44  4619.00  1132.00
30  4125.00  1125.00
44  5139.00  1124.00
7  572.00  1108.00
44  4500.00  1093.00
11  2372.00  1084.00
16  993.00  1084.00
7  527.00  1077.00
8  5788.00  1053.00
30  3719.00  1043.00
44  4805.00  1033.00
44  5140.00  1018.00
10  5344.00  1003.00
10  5532.00  998.00
44  5069.00  998.00
39  1595.00  942.00
10  5666.00  914.00
11  2260.00  913.00
30  4244.00  896.00
10  5596.00  892.00
44  4569.00  886.00
16  1072.00  883.00
30  3499.00  863.00
10  5136.00  825.00
16  783.00  825.00
16  834.00  757.00
45  1406.00  750.00
30  3390.00  698.00
11  2384.00  695.00
1  982.00  659.00
45  1422.00  658.00
45  1361.00  637.00
11  1926.00  636.00
1  1213.00  633.00
45  1415.00  628.00
1  1082.00  625.00
1  1254.00  617.00
10  5070.00  605.00
1  1212.00  603.00
1  1249.00  600.00
30  3477.00  599.00
1  1322.00  580.00
1  1253.00  580.00
1  1276.00  559.00
11  2647.00  485.00
45  1443.00  459.00
11  1961.00  445.00
45  1790.00  429.00
45  1503.00  362.00
10  5393.00  355.00
10  5469.00  10.00
