66 
0 915.33 575.67 80.764305
1 6673.79 4332.46 43.995487
2 1635.83 2603.42 95.526405
3 4751.0 5225.33 90.26339
4 4922.83 286.08 42.484688
5 1137.33 224.33 22.342999
1 7147.0 5153.0 90.08941
1 6766.0 4795.0 15.742457
1 7493.0 5070.0 22.358267
1 7478.0 4931.0 50.690098
1 7146.0 5534.0 29.701103
1 7156.0 4929.0 90.74637
3 4746.0 5237.0 37.952583
3 4389.0 5222.0 64.22311
3 4939.0 5096.0 94.82297
3 5030.0 5221.0 18.155508
3 4987.0 5163.0 20.283184
3 4415.0 5413.0 35.73256
4 4945.0 46.0 99.64397
4 4787.0 217.0 56.713505
4 5004.0 268.0 35.357033
4 5126.0 117.0 50.669834
4 4654.0 361.0 94.854065
4 4785.0 397.0 74.27917
2 2189.0 2216.0 97.446205
2 2063.0 2144.0 83.39975
2 1943.0 1826.0 77.7402
2 2339.0 2008.0 25.470362
2 2112.0 2391.0 56.899765
2 1994.0 2045.0 57.762306
4 5090.0 379.0 36.01127
4 4769.0 607.0 77.169395
4 5199.0 778.0 98.827194
4 4751.0 187.0 50.22254
4 5194.0 42.0 99.19037
4 4770.0 34.0 30.681654
1 6805.0 3269.0 82.82449
1 6685.0 2905.0 41.86635
1 6886.0 3421.0 44.15659
1 6439.0 3295.0 62.474174
1 7048.0 3450.0 18.06462
1 6831.0 3022.0 66.29065
5 1087.0 328.0 49.47532
5 1291.0 253.0 26.367886
5 1034.0 92.0 92.536736
0 894.0 511.0 74.040276
0 848.0 660.0 66.52524
0 1004.0 556.0 88.81719
1 6082.0 4805.0 89.994125
1 6115.0 4656.0 10.659675
1 6294.0 5037.0 34.11171
1 6130.0 4797.0 65.482735
1 6130.0 4454.0 53.258495
1 5799.0 4814.0 74.65607
2 1154.0 3040.0 37.2505
2 795.0 3037.0 91.688
2 975.0 3335.0 27.92899
2 1289.0 2728.0 53.711895
2 1270.0 3074.0 10.112324
2 1507.0 3397.0 41.54765
1 6701.0 4246.0 56.256714
1 6329.0 4381.0 72.33762
1 6540.0 4576.0 97.73794
1 6926.0 3892.0 20.565228
1 6574.0 4172.0 46.97145
1 6671.0 4375.0 61.82232
