165 
0 1504.9 4571.0 31.336195
1 7593.14 3961.0 75.83557
2 4793.0 4863.43 49.712944
3 6479.85 5492.15 28.36087
4 3214.53 3855.88 97.896034
5 966.36 2527.73 93.28466
6 7619.83 4893.17 72.00087
7 6056.78 3759.22 44.49811
8 853.8 5744.2 26.489727
9 7236.6 514.6 24.117605
10 7153.0 2759.43 35.60788
11 1253.25 610.08 56.448997
12 5203.86 2105.14 29.671213
13 3464.53 1587.8 94.757416
14 6396.42 988.42 19.152681
9 7010.0 841.0 90.28136
6 7231.0 4843.0 95.825554
0 1277.0 4288.0 61.126984
14 6730.0 1328.0 55.385475
9 7207.0 53.0 40.51854
7 6102.0 3880.0 50.23439
11 1193.0 299.0 99.99922
3 6584.0 5605.0 46.118473
5 1024.0 2684.0 91.86392
9 7474.0 874.0 87.625244
12 4946.0 2110.0 94.80867
10 6788.0 3061.0 57.12555
12 4830.0 2511.0 88.604774
5 1289.0 3234.0 10.462853
3 7219.0 5873.0 53.8083
11 1133.0 472.0 72.82085
2 5494.0 5454.0 25.013817
0 1971.0 4557.0 85.92213
14 6192.0 43.0 75.02726
4 3263.0 3089.0 45.614147
11 2494.0 276.0 59.29507
7 5665.0 3507.0 68.476845
11 172.0 279.0 26.87032
7 6752.0 4142.0 20.241192
4 3775.0 4435.0 85.66175
3 6971.0 5301.0 94.344406
1 7618.0 3714.0 15.396843
8 574.0 5340.0 29.079866
4 3121.0 2904.0 83.98741
4 3470.0 3949.0 28.646513
4 3316.0 5122.0 59.326942
11 1247.0 1252.0 70.48887
11 841.0 1197.0 54.13756
3 6309.0 4878.0 66.07699
5 1512.0 3007.0 11.6448145
8 925.0 5981.0 88.54305
13 3539.0 1392.0 72.56754
2 5122.0 5113.0 21.112202
10 6765.0 3131.0 12.303911
2 4736.0 4006.0 89.19024
2 4746.0 5424.0 42.06342
3 5591.0 5654.0 24.356241
4 3312.0 4509.0 59.985928
12 4620.0 2622.0 94.81703
14 6209.0 1415.0 81.606186
13 3904.0 186.0 27.482075
13 3716.0 2394.0 52.125313
4 2981.0 4847.0 86.48677
7 5604.0 4321.0 12.255525
2 4402.0 5792.0 40.41153
13 3596.0 2280.0 41.483356
0 1404.0 5215.0 60.70033
14 6468.0 1663.0 26.678047
2 4697.0 4796.0 10.871196
4 3201.0 4428.0 74.440544
1 7742.0 4343.0 15.431208
2 4111.0 4618.0 74.48574
4 2542.0 4403.0 38.26782
4 2614.0 3969.0 80.87325
2 4837.0 3673.0 68.399
1 7319.0 4251.0 32.904022
5 730.0 2269.0 90.9461
6 7384.0 5079.0 87.990585
4 2167.0 3285.0 19.070831
14 5593.0 146.0 72.454796
13 4304.0 1664.0 48.323235
13 3339.0 1263.0 70.82935
7 5696.0 3191.0 84.71818
11 1744.0 223.0 40.318268
3 6368.0 5357.0 47.138897
12 5383.0 1272.0 90.240105
1 7210.0 3989.0 10.00698
9 7587.0 9.0 59.828606
5 770.0 2898.0 24.115755
14 7056.0 1669.0 55.144215
0 415.0 4290.0 89.06175
3 6549.0 5136.0 93.161644
7 5936.0 3417.0 65.69504
13 3621.0 580.0 59.60196
8 1086.0 5817.0 98.71978
11 949.0 341.0 45.689243
3 6152.0 5612.0 69.193016
6 7485.0 4635.0 36.80364
13 2548.0 2561.0 61.77946
1 7741.0 3739.0 64.703125
10 6561.0 2059.0 78.7187
11 713.0 643.0 81.48068
1 7753.0 3906.0 79.44722
2 4503.0 4645.0 22.252169
5 155.0 2498.0 53.49935
4 3429.0 3008.0 49.43086
0 1270.0 5122.0 32.900204
2 5440.0 4723.0 21.690712
10 7059.0 2250.0 15.879973
14 6882.0 1416.0 17.861507
14 6423.0 107.0 74.907585
8 1210.0 5719.0 50.20123
4 4370.0 3394.0 51.19411
11 1956.0 823.0 93.07702
9 6905.0 796.0 53.79088
0 2314.0 4574.0 25.033463
3 6845.0 5881.0 71.94784
6 7907.0 5251.0 42.67146
0 2110.0 5133.0 53.6544
4 3875.0 4171.0 19.49305
11 709.0 1204.0 84.31528
5 112.0 2434.0 97.834564
13 3489.0 984.0 66.77963
13 3551.0 1501.0 75.81609
4 2876.0 2795.0 25.812975
12 5601.0 1822.0 57.639133
2 5204.0 4924.0 96.35278
14 6385.0 516.0 75.98233
6 7857.0 4784.0 19.20254
2 5166.0 5978.0 11.2500105
2 4357.0 4261.0 30.282665
5 364.0 2450.0 38.24786
13 2629.0 2275.0 89.16454
13 2820.0 881.0 75.87968
13 4082.0 2221.0 69.76645
8 474.0 5864.0 26.719624
1 7769.0 3785.0 35.093792
0 1386.0 4171.0 38.012783
14 6774.0 1678.0 49.473667
12 5023.0 2213.0 23.647146
0 1103.0 3994.0 25.48494
5 1007.0 1848.0 82.931564
7 6744.0 4342.0 89.74434
12 6024.0 2186.0 19.27318
14 6186.0 457.0 36.809147
13 3344.0 1451.0 92.89657
5 1581.0 1777.0 15.034873
7 5416.0 3609.0 32.063423
14 5859.0 1423.0 52.526627
3 6262.0 5246.0 67.47168
13 3486.0 2184.0 26.99589
3 6895.0 5174.0 42.926376
10 7193.0 3415.0 95.93658
10 7758.0 2442.0 70.42982
11 1888.0 312.0 75.02888
4 3152.0 3766.0 10.63808
5 2086.0 2706.0 43.93506
10 7947.0 2958.0 36.435387
7 6596.0 3424.0 21.944138
2 4287.0 4681.0 52.102345
0 1799.0 4366.0 67.43317
6 7855.0 4767.0 37.271923
3 6786.0 5691.0 47.430225
4 3183.0 3476.0 70.30571
3 5707.0 5990.0 48.181786
