585 
0 1204.78 606.22 50.056984
1 1805.17 2534.83 85.81011
2 4409.0 2135.6 83.990616
3 7676.0 4763.79 69.00842
4 7360.09 3800.09 24.677975
5 7927.33 3545.0 37.971256
6 481.25 1456.25 11.642675
7 6060.3 1271.6 37.93725
8 4485.56 3305.89 23.907219
9 5400.75 700.25 28.69834
10 2258.33 709.67 16.718077
11 7218.11 4521.11 33.030197
12 5487.88 3724.42 44.66672
13 7245.57 5184.43 83.86666
14 6688.75 1629.38 18.448742
15 915.0 942.0 55.338997
16 6759.17 4269.92 87.43321
17 5823.94 3109.75 81.65844
18 6472.92 3132.38 35.345573
19 7168.14 2439.86 11.824781
20 7567.0 3484.18 78.50552
21 7307.0 3286.79 16.992977
22 246.21 3129.79 28.420298
23 7545.88 4218.18 13.376242
24 7825.3 3885.7 35.231937
25 7370.0 2850.67 24.318787
26 6337.14 3766.57 89.08004
27 8160.83 1704.17 55.799267
28 5826.0 1842.0 60.301384
29 3769.44 1033.44 75.45012
30 4445.42 4081.42 60.38155
31 5373.33 4447.83 74.17637
32 3151.0 2373.1 56.446346
33 7533.75 2092.12 44.76514
34 6720.83 3787.92 56.982254
35 7804.0 5881.0 34.28509
36 6054.67 3506.22 13.462174
37 5396.8 2953.8 37.530125
38 1775.67 1221.67 36.088234
39 7117.62 1781.5 20.868317
40 7806.89 3187.44 95.31651
41 1160.67 3391.67 38.37403
42 6739.83 2679.0 78.97468
43 4922.5 1242.0 41.465088
44 1477.14 560.43 46.30421
45 4746.83 2746.33 26.009825
46 6592.75 2169.0 50.242146
47 2996.2 3756.0 16.239454
48 5125.43 2268.71 91.69725
49 6010.56 4161.67 57.183895
50 6388.64 4143.27 49.87242
51 7820.29 5312.64 98.78552
52 7207.89 4152.56 90.14586
35 7810.0 6053.0 27.532055
35 7798.0 5709.0 41.36073
13 7264.0 5575.0 70.24068
13 7324.0 5560.0 92.20614
51 7547.0 5503.0 59.530453
51 7744.0 5476.0 17.72623
51 7821.0 5457.0 99.204704
51 7883.0 5408.0 91.8011
51 7874.0 5405.0 68.051895
51 7927.0 5365.0 76.04086
51 7848.0 5358.0 72.94136
51 7802.0 5317.0 55.16623
51 7962.0 5287.0 12.172981
51 7913.0 5280.0 10.266805
51 7724.0 5210.0 61.129654
13 7503.0 5191.0 44.887276
51 7759.0 5143.0 37.82456
51 7890.0 5130.0 51.655853
13 7254.0 5129.0 22.035736
51 7790.0 5038.0 95.00723
13 7142.0 5032.0 69.63795
3 7606.0 5009.0 85.73928
3 7772.0 4989.0 62.392506
3 7744.0 4933.0 76.860855
3 7846.0 4923.0 71.911446
3 7622.0 4917.0 75.024734
13 6937.0 4917.0 96.50213
3 7576.0 4915.0 44.289505
3 7783.0 4912.0 38.006634
3 7716.0 4909.0 76.917076
13 7295.0 4887.0 57.118114
3 7777.0 4869.0 21.195541
3 7700.0 4854.0 74.68098
3 7726.0 4833.0 97.0929
3 7702.0 4815.0 70.51682
3 7583.0 4813.0 24.014702
3 7654.0 4795.0 52.8733
3 7417.0 4788.0 49.58408
11 7267.0 4779.0 70.83444
11 6806.0 4755.0 86.61656
31 5259.0 4751.0 59.280704
3 7698.0 4745.0 16.163166
3 7570.0 4741.0 14.223913
3 7617.0 4724.0 45.38726
3 7752.0 4721.0 13.700429
3 7673.0 4718.0 89.27437
3 7692.0 4666.0 31.677338
3 7547.0 4664.0 27.805351
11 7259.0 4630.0 25.557348
31 5387.0 4623.0 44.7163
3 7679.0 4581.0 20.462877
3 7674.0 4579.0 18.69077
3 7631.0 4573.0 19.297626
3 7520.0 4572.0 32.55833
3 7848.0 4546.0 48.041237
31 5685.0 4546.0 94.48859
3 7832.0 4542.0 12.401217
16 6735.0 4509.0 77.360115
3 7647.0 4504.0 49.05528
11 7338.0 4481.0 37.44323
30 4602.0 4478.0 21.650763
30 4606.0 4468.0 51.664433
11 7399.0 4467.0 75.52732
11 7037.0 4446.0 38.325726
23 7458.0 4428.0 82.99167
11 7364.0 4427.0 59.94613
49 6058.0 4426.0 12.752295
16 6868.0 4418.0 18.495352
30 3832.0 4410.0 87.827866
16 6670.0 4401.0 53.7256
23 7443.0 4375.0 98.54076
11 7160.0 4370.0 39.509056
49 6139.0 4369.0 23.920113
11 7333.0 4335.0 52.392918
50 6237.0 4332.0 71.444534
31 5385.0 4318.0 51.235867
16 6911.0 4296.0 72.18838
50 6304.0 4294.0 18.439278
52 7111.0 4288.0 84.388504
16 6740.0 4282.0 57.49032
23 7698.0 4279.0 91.66716
23 7613.0 4275.0 50.25518
23 7360.0 4275.0 43.735764
16 6779.0 4273.0 41.568
52 7207.0 4270.0 43.62233
50 6241.0 4268.0 90.430275
23 7432.0 4265.0 70.22934
30 4354.0 4262.0 72.74799
16 6589.0 4256.0 22.410425
23 7817.0 4252.0 12.577603
49 6051.0 4246.0 17.482101
31 5356.0 4241.0 48.821083
23 7554.0 4236.0 45.045948
23 7534.0 4227.0 75.105415
30 4217.0 4224.0 45.72762
52 7349.0 4219.0 19.00929
52 7128.0 4215.0 23.639633
30 3950.0 4215.0 26.072577
16 6947.0 4209.0 33.398197
23 7549.0 4208.0 36.261425
31 5168.0 4208.0 34.88034
50 6524.0 4207.0 79.28907
49 5871.0 4202.0 36.762276
23 7542.0 4198.0 27.840927
16 6660.0 4193.0 18.555483
52 7216.0 4180.0 18.160812
16 6607.0 4173.0 68.33201
23 7601.0 4171.0 28.366514
49 6123.0 4167.0 72.73973
50 6450.0 4160.0 10.428647
16 6713.0 4154.0 98.04275
52 7355.0 4151.0 10.022723
23 7604.0 4146.0 96.72892
23 7541.0 4141.0 73.91396
23 7506.0 4138.0 37.309727
30 4871.0 4132.0 70.52654
47 2906.0 4131.0 24.055904
50 6488.0 4128.0 80.659096
50 6312.0 4126.0 34.983284
49 6008.0 4117.0 50.618114
30 4427.0 4109.0 16.997356
30 4679.0 4084.0 94.43826
49 5955.0 4081.0 95.952385
16 6891.0 4075.0 39.337406
24 7705.0 4065.0 60.8653
23 7562.0 4058.0 74.51545
30 4634.0 4054.0 47.687283
30 4607.0 4049.0 57.155624
50 6557.0 4047.0 41.07434
52 7344.0 4046.0 76.73827
12 5543.0 4042.0 17.365746
52 7124.0 4039.0 94.14914
23 7466.0 4037.0 18.485462
50 6259.0 4030.0 21.582531
50 6366.0 4002.0 92.393105
12 5597.0 3993.0 92.835335
30 4655.0 3992.0 88.849365
24 7805.0 3991.0 67.599785
47 3396.0 3990.0 40.105038
34 6603.0 3982.0 63.033993
50 6537.0 3982.0 10.307286
30 4342.0 3966.0 77.870865
52 7037.0 3965.0 98.23307
4 7345.0 3951.0 59.17448
4 7271.0 3948.0 78.85424
12 5336.0 3943.0 36.531
49 5964.0 3935.0 26.316034
24 7660.0 3924.0 38.838036
24 7872.0 3922.0 45.429695
34 6567.0 3922.0 52.207798
34 6602.0 3920.0 49.657093
30 4806.0 3914.0 25.006186
24 7909.0 3912.0 19.872671
49 5926.0 3912.0 25.300915
4 7449.0 3911.0 91.65413
26 6333.0 3909.0 73.4805
47 3108.0 3908.0 16.36326
24 7844.0 3902.0 26.433006
12 5427.0 3894.0 47.372555
34 6862.0 3892.0 91.24538
34 6621.0 3891.0 62.169613
26 6150.0 3888.0 54.11413
4 7388.0 3879.0 41.082924
4 7351.0 3877.0 31.164858
30 4694.0 3877.0 96.529396
26 6340.0 3870.0 30.687336
26 6425.0 3867.0 33.15196
34 6577.0 3858.0 53.336025
34 6864.0 3854.0 19.31689
12 5706.0 3844.0 96.961044
30 4496.0 3844.0 97.15386
30 4574.0 3843.0 53.665676
30 3824.0 3838.0 79.78161
12 5803.0 3824.0 87.58411
12 5720.0 3823.0 56.359997
26 6454.0 3821.0 45.79367
26 6120.0 3821.0 54.091755
24 7988.0 3820.0 11.182526
26 6376.0 3819.0 29.86854
24 7841.0 3818.0 43.355373
12 5778.0 3813.0 86.675415
12 5457.0 3808.0 71.55194
12 5671.0 3807.0 92.55148
30 4293.0 3788.0 45.757397
4 7423.0 3776.0 14.424811
4 7342.0 3775.0 48.788143
12 5541.0 3769.0 29.72523
12 5621.0 3768.0 12.134886
24 7750.0 3760.0 44.71351
26 6327.0 3745.0 22.138117
24 7879.0 3743.0 66.99178
22 199.0 3743.0 94.96523
34 6652.0 3742.0 57.87401
12 5678.0 3742.0 79.56696
12 5207.0 3742.0 28.051111
4 7429.0 3737.0 16.932346
4 7262.0 3725.0 52.292645
26 6427.0 3717.0 42.561634
41 1851.0 3710.0 38.45134
26 6207.0 3700.0 62.06709
36 6069.0 3695.0 95.60115
8 4780.0 3694.0 88.53006
20 7603.0 3690.0 41.221897
12 5751.0 3681.0 44.93379
26 6365.0 3679.0 68.57895
34 6958.0 3678.0 17.304882
26 6317.0 3673.0 71.12574
12 5417.0 3673.0 39.689274
26 6426.0 3656.0 19.327549
5 7922.0 3655.0 32.723686
4 7331.0 3634.0 87.870316
36 5965.0 3624.0 54.210007
12 4965.0 3622.0 94.03807
34 6833.0 3618.0 35.033146
34 6798.0 3610.0 65.033
20 7667.0 3608.0 63.164684
41 1047.0 3602.0 87.24538
5 7803.0 3598.0 44.952328
4 7370.0 3588.0 50.685062
41 952.0 3583.0 37.90356
5 7906.0 3580.0 48.846836
22 250.0 3578.0 85.63088
12 5111.0 3569.0 17.739565
26 6453.0 3567.0 20.342674
20 7492.0 3560.0 57.361237
36 6140.0 3558.0 14.450517
12 5315.0 3557.0 56.901737
12 5316.0 3554.0 92.640045
8 4232.0 3551.0 18.912916
20 7408.0 3534.0 52.6439
5 8013.0 3523.0 42.766636
12 5160.0 3517.0 14.392732
21 7141.0 3514.0 89.2486
36 5887.0 3508.0 27.042614
8 4694.0 3502.0 84.08741
20 7633.0 3499.0 44.327675
5 7919.0 3496.0 31.72912
41 1784.0 3494.0 54.91651
41 1482.0 3494.0 32.52831
22 236.0 3494.0 24.015957
34 6713.0 3488.0 67.68554
20 7696.0 3486.0 19.829556
22 536.0 3481.0 40.320305
22 317.0 3476.0 97.00919
12 5649.0 3472.0 76.78881
36 6235.0 3471.0 43.71262
21 7199.0 3469.0 46.153168
12 5540.0 3468.0 67.97846
12 5400.0 3461.0 54.154514
36 5796.0 3459.0 87.94165
47 2342.0 3439.0 60.36616
20 7494.0 3430.0 32.93027
21 7321.0 3429.0 27.789043
36 6265.0 3426.0 14.109969
5 8001.0 3418.0 95.04088
22 226.0 3415.0 33.38074
36 6148.0 3413.0 94.68053
36 5987.0 3402.0 23.396439
20 7582.0 3396.0 61.952908
21 7422.0 3390.0 94.48834
18 6623.0 3389.0 46.34803
20 7475.0 3388.0 51.95645
20 7654.0 3377.0 91.50529
40 7838.0 3375.0 59.57704
18 6570.0 3371.0 64.984436
8 4364.0 3362.0 18.60079
21 7316.0 3360.0 58.745125
8 4857.0 3359.0 41.22605
20 7533.0 3358.0 89.46339
17 5719.0 3352.0 90.17766
21 7452.0 3339.0 28.355675
40 7747.0 3329.0 52.158833
17 5841.0 3328.0 76.42787
47 3229.0 3312.0 79.53614
21 7076.0 3302.0 49.119946
40 7657.0 3301.0 97.53326
18 6360.0 3301.0 45.437828
22 525.0 3297.0 80.72467
17 5619.0 3291.0 29.767632
40 7989.0 3271.0 73.91643
17 5697.0 3269.0 98.72633
17 6050.0 3242.0 36.166096
21 7082.0 3235.0 32.34586
17 5539.0 3235.0 59.22178
41 741.0 3235.0 65.49883
18 6731.0 3234.0 50.951176
21 7453.0 3229.0 26.295225
40 7695.0 3220.0 52.19281
21 7299.0 3219.0 87.90702
41 863.0 3219.0 80.10535
40 7861.0 3216.0 96.26606
17 5960.0 3207.0 49.636826
8 4252.0 3206.0 50.838795
18 6402.0 3190.0 75.708954
37 5342.0 3188.0 89.37592
18 6656.0 3181.0 54.54375
21 7532.0 3175.0 40.488007
21 7434.0 3173.0 72.089
17 5679.0 3171.0 93.087875
18 6518.0 3165.0 48.46929
8 4537.0 3143.0 67.30235
41 806.0 3123.0 38.950855
17 6113.0 3101.0 53.179913
21 7440.0 3100.0 67.118225
18 6204.0 3099.0 47.35529
40 7715.0 3086.0 24.281403
25 7503.0 3086.0 62.379826
17 5821.0 3086.0 18.932869
21 7131.0 3081.0 62.447285
40 7909.0 3080.0 71.13021
41 920.0 3065.0 44.155285
18 6468.0 3050.0 32.67329
17 5677.0 3049.0 83.31426
22 218.0 3031.0 44.963505
42 6881.0 3029.0 62.877903
17 5650.0 3023.0 51.470127
22 197.0 3021.0 72.20569
37 5531.0 3011.0 51.185894
18 6387.0 3008.0 51.120773
8 4458.0 3007.0 27.637346
18 6190.0 2985.0 10.792167
25 7055.0 2981.0 35.63781
25 7238.0 2957.0 77.20259
17 5930.0 2948.0 54.65155
25 7543.0 2929.0 56.87192
37 5291.0 2929.0 94.401955
8 4196.0 2929.0 21.257496
18 6617.0 2928.0 30.135994
45 4831.0 2917.0 28.66818
32 2835.0 2912.0 83.09
22 174.0 2901.0 46.088238
37 5350.0 2867.0 76.43167
25 7346.0 2858.0 58.64387
17 6044.0 2848.0 99.931
45 4898.0 2840.0 99.851326
32 3307.0 2833.0 13.394443
1 1918.0 2832.0 19.70755
25 7125.0 2823.0 81.44628
18 6422.0 2820.0 21.226315
17 5881.0 2817.0 21.426294
22 141.0 2814.0 45.444157
40 7851.0 2809.0 54.270287
45 4929.0 2803.0 24.137419
17 5963.0 2789.0 41.43056
37 5470.0 2774.0 52.576458
25 7458.0 2741.0 21.765553
1 1263.0 2734.0 88.32412
42 6766.0 2732.0 72.3749
45 4763.0 2720.0 88.247795
32 3461.0 2718.0 19.479658
25 7309.0 2717.0 34.0985
42 6848.0 2712.0 66.452675
22 178.0 2702.0 86.91413
1 1882.0 2684.0 69.205376
45 4584.0 2643.0 94.48051
32 3174.0 2627.0 86.45232
19 7049.0 2570.0 11.642888
25 7753.0 2564.0 17.43038
42 6597.0 2563.0 15.568418
45 4476.0 2555.0 49.876095
1 1575.0 2555.0 12.438757
19 7304.0 2550.0 20.300884
22 10.0 2537.0 46.480194
42 6800.0 2532.0 39.59366
48 5296.0 2520.0 19.850908
19 7104.0 2510.0 43.87389
42 6547.0 2506.0 93.49259
19 7267.0 2466.0 61.372517
32 3189.0 2411.0 95.5638
48 5117.0 2409.0 95.39568
48 4973.0 2406.0 89.108215
2 4488.0 2378.0 14.4966755
19 7351.0 2376.0 42.933147
28 6007.0 2359.0 18.619583
2 4612.0 2341.0 65.69686
19 7015.0 2333.0 32.86631
32 3233.0 2329.0 39.501198
22 240.0 2327.0 93.76378
46 6686.0 2312.0 75.086044
46 6307.0 2295.0 50.465508
33 7448.0 2291.0 70.40989
19 7087.0 2274.0 40.61065
1 2067.0 2254.0 40.016323
48 5260.0 2230.0 36.89175
2 4174.0 2190.0 16.328138
6 36.0 2185.0 81.46159
33 7856.0 2181.0 20.73106
33 7315.0 2181.0 15.759923
32 3319.0 2151.0 72.018845
1 2126.0 2150.0 79.18705
33 7418.0 2139.0 70.13572
46 6885.0 2138.0 91.22531
48 4959.0 2123.0 31.993835
48 4996.0 2115.0 44.449154
28 5681.0 2109.0 63.940754
48 5277.0 2078.0 45.61415
33 7643.0 2048.0 17.839455
32 3390.0 2043.0 55.32472
27 8080.0 2039.0 27.992918
28 6139.0 2032.0 44.20701
32 2694.0 2026.0 37.74296
39 7152.0 2000.0 12.019549
33 7822.0 1992.0 93.60338
33 7416.0 1953.0 41.589287
33 7352.0 1952.0 82.509575
6 354.0 1950.0 29.139952
46 6493.0 1931.0 73.09713
27 7905.0 1921.0 27.664923
27 8229.0 1905.0 73.93227
14 6803.0 1886.0 18.075617
2 4012.0 1886.0 52.036564
2 4759.0 1883.0 80.42341
27 8101.0 1876.0 60.761177
27 7989.0 1876.0 52.448208
27 8063.0 1860.0 31.613264
27 8080.0 1835.0 96.85691
39 7004.0 1805.0 24.716917
28 6252.0 1795.0 10.293006
14 6826.0 1774.0 44.555386
39 7218.0 1773.0 93.043434
6 464.0 1773.0 14.001502
6 809.0 1766.0 77.66622
39 7240.0 1762.0 70.56416
39 7046.0 1757.0 39.343605
27 8098.0 1746.0 24.583225
39 7314.0 1739.0 19.708666
39 7035.0 1733.0 42.771587
28 5506.0 1719.0 76.90276
27 8184.0 1685.0 50.1664
39 6932.0 1683.0 66.8466
28 5914.0 1682.0 35.002155
32 2908.0 1681.0 87.20674
14 6496.0 1678.0 60.204155
27 8525.0 1664.0 25.773806
14 6765.0 1663.0 70.725395
27 7985.0 1657.0 57.308804
14 6854.0 1640.0 41.57227
27 7926.0 1627.0 17.133919
27 7973.0 1606.0 58.501537
43 5060.0 1577.0 49.52689
29 4056.0 1564.0 33.594337
28 5637.0 1558.0 54.410378
38 2011.0 1558.0 75.45156
27 8038.0 1535.0 25.904434
14 6651.0 1534.0 17.993214
6 552.0 1526.0 91.431366
14 6621.0 1513.0 39.82356
27 8594.0 1510.0 74.53467
43 4719.0 1504.0 45.041058
28 5472.0 1482.0 79.1102
27 8605.0 1479.0 56.08115
6 345.0 1476.0 16.967457
27 8228.0 1471.0 14.690019
43 5005.0 1458.0 75.56708
43 5114.0 1430.0 11.105431
7 5964.0 1421.0 63.349422
6 602.0 1395.0 46.78783
43 5098.0 1394.0 37.615704
43 5068.0 1390.0 58.08069
27 8292.0 1383.0 54.69208
7 6258.0 1354.0 67.61745
43 5010.0 1351.0 15.749105
14 6494.0 1347.0 25.424965
6 437.0 1344.0 89.719574
6 413.0 1338.0 20.947044
6 659.0 1331.0 29.221424
7 5840.0 1325.0 21.73017
7 6378.0 1314.0 87.11656
7 6379.0 1302.0 80.53644
7 6359.0 1298.0 42.59819
29 3245.0 1281.0 14.092376
6 450.0 1274.0 62.678547
6 478.0 1256.0 57.618385
7 5571.0 1255.0 60.235302
6 489.0 1254.0 36.44154
6 513.0 1247.0 44.861004
7 6136.0 1243.0 31.257801
29 4170.0 1232.0 20.547329
38 1721.0 1165.0 86.52081
15 893.0 1161.0 41.53043
7 5930.0 1151.0 91.689415
43 4619.0 1132.0 77.638794
29 4125.0 1125.0 45.019184
43 5139.0 1124.0 95.339386
6 572.0 1108.0 16.743896
43 4500.0 1093.0 43.89723
10 2372.0 1084.0 58.0272
15 993.0 1084.0 25.079443
6 527.0 1077.0 69.29503
7 5788.0 1053.0 63.484955
29 3719.0 1043.0 44.464
43 4805.0 1033.0 15.60994
43 5140.0 1018.0 19.294971
9 5344.0 1003.0 33.316727
9 5532.0 998.0 73.41494
43 5069.0 998.0 39.51719
38 1595.0 942.0 77.41226
9 5666.0 914.0 75.073425
10 2260.0 913.0 52.422615
29 4244.0 896.0 49.52785
9 5596.0 892.0 18.5466
43 4569.0 886.0 39.077198
15 1072.0 883.0 76.690025
29 3499.0 863.0 21.881853
9 5136.0 825.0 82.567055
15 783.0 825.0 48.44154
15 834.0 757.0 30.883293
44 1406.0 750.0 57.364418
29 3390.0 698.0 16.504875
10 2384.0 695.0 89.810036
0 982.0 659.0 39.762146
44 1422.0 658.0 98.50332
44 1361.0 637.0 27.12948
10 1926.0 636.0 15.210461
0 1213.0 633.0 71.22013
44 1415.0 628.0 88.55669
0 1082.0 625.0 15.345868
0 1254.0 617.0 68.07629
9 5070.0 605.0 95.48234
0 1212.0 603.0 80.34834
0 1249.0 600.0 64.17407
29 3477.0 599.0 55.32555
0 1322.0 580.0 87.18706
0 1253.0 580.0 40.75167
0 1276.0 559.0 10.205933
10 2647.0 485.0 26.537453
44 1443.0 459.0 12.86876
10 1961.0 445.0 79.679825
44 1790.0 429.0 14.38178
44 1503.0 362.0 50.729897
9 5393.0 355.0 84.963264
9 5469.0 10.0 50.809135
