52 
0 7519.42 4290.75 83.81567
1 6598.62 2219.08 57.67819
2 4651.0 2278.5 53.959774
3 1571.36 1592.55 49.77663
1 6734.0 1453.0 68.1424
3 2233.0 10.0 95.38613
2 5530.0 1424.0 67.04753
3 401.0 841.0 81.69635
3 3082.0 1644.0 90.08623
0 7608.0 4458.0 34.39785
0 7573.0 3716.0 55.28528
1 7265.0 1268.0 79.43807
1 6898.0 1885.0 27.465492
3 1112.0 2049.0 80.36301
2 5468.0 2606.0 43.233288
1 5989.0 2873.0 71.38468
2 4706.0 2674.0 41.195225
2 4612.0 2035.0 93.05778
1 6347.0 2683.0 56.43906
1 6107.0 669.0 56.76085
0 7611.0 5184.0 35.26322
0 7462.0 3590.0 34.50608
0 7732.0 4723.0 81.34183
1 5900.0 3561.0 43.04961
2 4483.0 3369.0 28.854336
1 6101.0 1110.0 32.102154
2 5199.0 2182.0 93.86231
3 1633.0 2809.0 69.56287
2 4307.0 2322.0 78.562744
3 675.0 1006.0 46.19041
0 7555.0 4819.0 46.575493
0 7541.0 3981.0 14.712435
3 3177.0 756.0 32.626102
0 7352.0 4506.0 75.94319
1 7545.0 2801.0 89.7645
2 3245.0 3305.0 76.569374
1 6426.0 3173.0 78.422104
2 4608.0 1198.0 39.574276
3 23.0 2216.0 47.36677
0 7248.0 3779.0 41.152836
0 7762.0 4595.0 59.08713
1 7392.0 2244.0 44.935905
2 3484.0 2829.0 34.848774
1 6271.0 2135.0 60.55562
2 4985.0 140.0 45.04835
3 1916.0 1569.0 64.36916
0 7280.0 4899.0 22.383766
0 7509.0 3239.0 13.492247
3 10.0 2676.0 91.50464
1 6807.0 2993.0 63.312466
2 5185.0 3258.0 53.357243
3 3023.0 1942.0 34.146313
